x,m,v_x,v_y
5.488515377044677734e+00,1.296887516975402832e+00,4.054322838783264160e-01,3.859654963016510010e-01
3.261435747146606445e+00,1.395061492919921875e+00,1.702683639526367188e+01,1.372663784027099609e+01
4.883063793182373047e+00,1.395061492919921875e+00,4.913216590881347656e+00,4.427124500274658203e+00
3.501536369323730469e+00,1.493236899375915527e+00,1.450675106048583984e+01,1.172994899749755859e+01
4.925050258636474609e+00,1.493236899375915527e+00,4.708535194396972656e+00,4.283588886260986328e+00
3.220535516738891602e+00,1.591411471366882324e+00,1.748215484619140625e+01,1.408170604705810547e+01
4.673395156860351562e+00,1.591411471366882324e+00,6.111339569091796875e+00,5.403859138488769531e+00
4.924900531768798828e+00,1.591411471366882324e+00,4.708784580230712891e+00,4.283666133880615234e+00
5.089601039886474609e+00,1.591411471366882324e+00,3.907930135726928711e+00,3.760882139205932617e+00
5.306331634521484375e+00,1.591411471366882324e+00,2.912293910980224609e+00,3.067818880081176758e+00
5.539499282836914062e+00,1.718375921249389648e+00,1.142028093338012695e+00,1.221700668334960938e+00
4.986856460571289062e+00,1.718375921249389648e+00,4.452231884002685547e+00,4.129670143127441406e+00
4.418723106384277344e+00,1.718375921249389648e+00,7.785765647888183594e+00,6.567353725433349609e+00
3.839866399765014648e+00,1.718375921249389648e+00,1.164331722259521484e+01,9.460133552551269531e+00
3.911830902099609375e+00,1.718375921249389648e+00,1.108008670806884766e+01,9.033976554870605469e+00
5.160967826843261719e+00,1.848456501960754395e+00,3.670375347137451172e+00,3.638347148895263672e+00
4.461289882659912109e+00,1.848456501960754395e+00,7.312411785125732422e+00,6.191637039184570312e+00
3.560051918029785156e+00,1.848456501960754395e+00,1.395487976074218750e+01,1.122954368591308594e+01
2.905832529067993164e+00,1.848456501960754395e+00,2.181474876403808594e+01,1.769758796691894531e+01
2.411186456680297852e+00,1.848456501960754395e+00,3.112437438964843750e+01,2.580538558959960938e+01
4.855911731719970703e+00,1.978538870811462402e+00,5.017051696777343750e+00,4.519096374511718750e+00
4.081578254699707031e+00,1.978538870811462402e+00,9.865648269653320312e+00,8.086772918701171875e+00
3.259919881820678711e+00,1.978538870811462402e+00,1.704678916931152344e+01,1.374189376831054688e+01
2.591595649719238281e+00,1.978538870811462402e+00,2.728280448913574219e+01,2.225117301940917969e+01
5.383426189422607422e+00,2.108620166778564453e+00,2.512732744216918945e+00,2.692785978317260742e+00
4.741219043731689453e+00,2.108620166778564453e+00,5.787740707397460938e+00,5.174759387969970703e+00
3.906360626220703125e+00,2.108620166778564453e+00,1.113750267028808594e+01,9.088631629943847656e+00
3.154679298400878906e+00,2.108620166778564453e+00,1.830625915527343750e+01,1.487165927886962891e+01
2.494831085205078125e+00,2.108620166778564453e+00,2.935629653930664062e+01,2.415813636779785156e+01
5.293608188629150391e+00,2.238701820373535156e+00,3.010106086730957031e+00,3.156283617019653320e+00
4.677208423614501953e+00,2.238701820373535156e+00,6.159501552581787109e+00,5.450232505798339844e+00
3.852671623229980469e+00,2.238701820373535156e+00,1.156142711639404297e+01,9.401415824890136719e+00
3.147446393966674805e+00,2.238701820373535156e+00,1.839286613464355469e+01,1.495238971710205078e+01
2.522520065307617188e+00,2.238701820373535156e+00,2.878711128234863281e+01,2.371051025390625000e+01
1.073791742324829102e+00,2.238701820373535156e+00,7.944301605224609375e+01,7.789639282226562500e+01
5.225584983825683594e+00,2.368783235549926758e+00,3.318006992340087891e+00,3.359612464904785156e+00
4.651573181152343750e+00,2.368783235549926758e+00,6.374369621276855469e+00,5.606710910797119141e+00
3.866634607315063477e+00,2.368783235549926758e+00,1.145605850219726562e+01,9.323661804199218750e+00
3.188805818557739258e+00,2.368783235549926758e+00,1.787624359130859375e+01,1.445010852813720703e+01
2.601581573486328125e+00,2.368783235549926758e+00,2.712627792358398438e+01,2.215752410888671875e+01
9.008537530899047852e-01,2.368783235549926758e+00,1.529304199218750000e+02,1.565313415527343750e+02
5.296398997306823730e-01,2.368783235549926758e+00,2.104232177734375000e+02,2.200023498535156250e+02
5.505529880523681641e+00,2.498864650726318359e+00,1.535137444734573364e-01,1.473694592714309692e-01
5.202061653137207031e+00,2.498864650726318359e+00,3.378308057785034180e+00,3.389342546463012695e+00
4.658663749694824219e+00,2.498864650726318359e+00,6.309141635894775391e+00,5.558271884918212891e+00
3.916784763336181641e+00,2.498864650726318359e+00,1.103897857666015625e+01,8.999425888061523438e+00
3.264054059982299805e+00,2.498864650726318359e+00,1.700146102905273438e+01,1.370954418182373047e+01
2.700345993041992188e+00,2.498864650726318359e+00,2.524543190002441406e+01,2.048770141601562500e+01
1.033312916755676270e+00,2.498864650726318359e+00,8.841369628906250000e+01,8.729752349853515625e+01
5.269889831542968750e-01,2.498864650726318359e+00,3.076882019042968750e+02,3.213818664550781250e+02
5.507083892822265625e+00,2.628947734832763672e+00,5.917546153068542480e-01,5.810148715972900391e-01
5.205262184143066406e+00,2.628947734832763672e+00,3.297847270965576172e+00,3.314522266387939453e+00
4.685925483703613281e+00,2.628947734832763672e+00,6.159667491912841797e+00,5.457353115081787109e+00
3.995704650878906250e+00,2.628947734832763672e+00,1.047570323944091797e+01,8.581604957580566406e+00
3.360818386077880859e+00,2.628947734832763672e+00,1.594379901885986328e+01,1.290264129638671875e+01
2.813712835311889648e+00,2.628947734832763672e+00,2.328170967102050781e+01,1.871491813659667969e+01
2.318148136138916016e+00,2.628947734832763672e+00,3.307759094238281250e+01,2.766093254089355469e+01
9.443433880805969238e-01,2.628947734832763672e+00,1.380742187500000000e+02,1.402689361572265625e+02
7.517818212509155273e-01,2.628947734832763672e+00,2.108205108642578125e+02,2.221245422363281250e+02
5.349960327148437500e-01,2.628947734832763672e+00,3.076489257812500000e+02,3.213480224609375000e+02
5.513352870941162109e+00,2.759027719497680664e+00,6.538305878639221191e-01,6.493515372276306152e-01
5.228619575500488281e+00,2.759027719497680664e+00,3.309560775756835938e+00,3.355544328689575195e+00
4.724663257598876953e+00,2.759027719497680664e+00,5.936882495880126953e+00,5.298741817474365234e+00
4.090804100036621094e+00,2.759027719497680664e+00,9.794766426086425781e+00,8.026856422424316406e+00
3.465053558349609375e+00,2.759027719497680664e+00,1.486776542663574219e+01,1.204500293731689453e+01
2.956690311431884766e+00,2.759027719497680664e+00,2.102968978881835938e+01,1.711440086364746094e+01
2.462894678115844727e+00,2.759027719497680664e+00,3.018277359008789062e+01,2.510071372985839844e+01
1.084893226623535156e+00,2.759027719497680664e+00,8.657117462158203125e+01,8.530659484863281250e+01
8.921282887458801270e-01,2.759027719497680664e+00,1.618450927734375000e+02,1.669197540283203125e+02
7.262765169143676758e-01,2.759027719497680664e+00,1.425902252197265625e+02,1.502084045410156250e+02
5.479989051818847656e-01,2.759027719497680664e+00,2.778898315429687500e+02,2.904483032226562500e+02
5.487454414367675781e+00,2.889109134674072266e+00,4.493970572948455811e-01,4.280086755752563477e-01
5.271994113922119141e+00,2.889109134674072266e+00,3.125258445739746094e+00,3.240197420120239258e+00
4.769062042236328125e+00,2.889109134674072266e+00,5.436571598052978516e+00,4.870471477508544922e+00
4.206986427307128906e+00,2.889109134674072266e+00,9.099308967590332031e+00,7.507076263427734375e+00
3.572408914566040039e+00,2.889109134674072266e+00,1.373389720916748047e+01,1.104072189331054688e+01
3.087305545806884766e+00,2.889109134674072266e+00,1.919856262207031250e+01,1.564907360076904297e+01
2.621093750000000000e+00,2.889109134674072266e+00,2.677078819274902344e+01,2.188258743286132812e+01
1.031821250915527344e+00,2.889109134674072266e+00,1.457816467285156250e+02,1.464096984863281250e+02
8.582797646522521973e-01,2.889109134674072266e+00,1.481917877197265625e+02,1.529840698242187500e+02
7.210334539413452148e-01,2.889109134674072266e+00,1.289391479492187500e+02,1.358579254150390625e+02
5.640547275543212891e-01,2.889109134674072266e+00,2.635177612304687500e+02,2.758405151367187500e+02
5.298375606536865234e+00,3.019190311431884766e+00,2.907516241073608398e+00,2.996293544769287109e+00
4.821684360504150391e+00,3.019190311431884766e+00,5.248686790466308594e+00,4.711140632629394531e+00
4.341674804687500000e+00,3.019190311431884766e+00,8.254307746887207031e+00,6.914286136627197266e+00
3.709963560104370117e+00,3.019190311431884766e+00,1.274059009552001953e+01,1.032708454132080078e+01
3.211788415908813477e+00,3.019190311431884766e+00,1.760001373291015625e+01,1.419784832000732422e+01
2.772205829620361328e+00,3.019190311431884766e+00,2.399678993225097656e+01,1.941324615478515625e+01
2.346982002258300781e+00,3.019190311431884766e+00,3.297208404541015625e+01,2.769222640991210938e+01
1.163245201110839844e+00,3.019190311431884766e+00,9.672279357910156250e+01,9.365796661376953125e+01
9.931505322456359863e-01,3.019190311431884766e+00,1.537888488769531250e+02,1.554976959228515625e+02
8.458497524261474609e-01,3.019190311431884766e+00,2.156493835449218750e+02,2.232466735839843750e+02
7.276613712310791016e-01,3.019190311431884766e+00,1.482427673339843750e+02,1.564589691162109375e+02
6.434936523437500000e-01,3.019190311431884766e+00,5.055656127929687500e+02,5.374584960937500000e+02
5.827669501304626465e-01,3.019190311431884766e+00,2.945451049804687500e+02,3.092805480957031250e+02
5.350975036621093750e+00,3.149271965026855469e+00,2.664285421371459961e+00,2.788759708404541016e+00
4.892625808715820312e+00,3.149271965026855469e+00,4.871260643005371094e+00,4.394985198974609375e+00
4.466966152191162109e+00,3.149271965026855469e+00,7.408883571624755859e+00,6.278500556945800781e+00
3.859405040740966797e+00,3.149271965026855469e+00,1.151761722564697266e+01,9.371998786926269531e+00
3.359896659851074219e+00,3.149271965026855469e+00,1.595917224884033203e+01,1.291591358184814453e+01
2.934293270111083984e+00,3.149271965026855469e+00,2.139410972595214844e+01,1.739099693298339844e+01
2.522719621658325195e+00,3.149271965026855469e+00,2.885386085510253906e+01,2.379166030883789062e+01
1.123038768768310547e+00,3.149271965026855469e+00,9.471745300292968750e+01,9.275592803955078125e+01
9.729908108711242676e-01,3.149271965026855469e+00,1.529564971923828125e+02,1.551689910888671875e+02
8.455838561058044434e-01,3.149271965026855469e+00,1.276749343872070312e+02,1.326477508544921875e+02
7.393726110458374023e-01,3.149271965026855469e+00,1.842024841308593750e+02,1.946017913818359375e+02
6.605159044265747070e-01,3.149271965026855469e+00,4.900865478515625000e+02,5.210003051757812500e+02
6.012926101684570312e-01,3.149271965026855469e+00,3.155964965820312500e+02,3.318685302734375000e+02
4.998651981353759766e+00,3.279353380203247070e+00,4.411809444427490234e+00,4.112002849578857422e+00
4.593616008758544922e+00,3.279353380203247070e+00,6.768314838409423828e+00,5.869760513305664062e+00
4.026875019073486328e+00,3.279353380203247070e+00,1.026612758636474609e+01,8.406285285949707031e+00
3.512081146240234375e+00,3.279353380203247070e+00,1.442531776428222656e+01,1.166144847869873047e+01
3.091441154479980469e+00,3.279353380203247070e+00,1.914719009399414062e+01,1.560817909240722656e+01
2.695670127868652344e+00,3.279353380203247070e+00,2.536630630493164062e+01,2.060612487792968750e+01
2.325419187545776367e+00,3.279353380203247070e+00,3.362297821044921875e+01,2.851801681518554688e+01
1.099377393722534180e+00,3.279353380203247070e+00,9.134293365478515625e+01,9.005622100830078125e+01
9.640839695930480957e-01,3.279353380203247070e+00,1.521074066162109375e+02,1.544730682373046875e+02
8.508932590484619141e-01,3.279353380203247070e+00,1.366850585937500000e+02,1.419707641601562500e+02
7.541275620460510254e-01,3.279353380203247070e+00,2.256335906982421875e+02,2.383647613525390625e+02
6.786655187606811523e-01,3.279353380203247070e+00,4.706407165527343750e+02,5.003289794921875000e+02
6.197339892387390137e-01,3.279353380203247070e+00,3.199519958496093750e+02,3.365650939941406250e+02
5.493837356567382812e+00,3.409434795379638672e+00,1.860973358154296875e+00,2.087256193161010742e+00
5.110726833343505859e+00,3.409434795379638672e+00,3.879417657852172852e+00,3.759517908096313477e+00
4.711989879608154297e+00,3.409434795379638672e+00,6.018774986267089844e+00,5.355602264404296875e+00
4.212252616882324219e+00,3.409434795379638672e+00,9.073248863220214844e+00,7.491240501403808594e+00
3.675252914428710938e+00,3.409434795379638672e+00,1.302576541900634766e+01,1.051865100860595703e+01
3.245427608489990234e+00,3.409434795379638672e+00,1.722520446777343750e+01,1.387478923797607422e+01
2.867798328399658203e+00,3.409434795379638672e+00,2.242866325378417969e+01,1.818159866333007812e+01
2.499522209167480469e+00,3.409434795379638672e+00,2.935363006591796875e+01,2.418426513671875000e+01
1.891344547271728516e+00,3.409434795379638672e+00,3.788361740112304688e+01,3.354259490966796875e+01
1.228616118431091309e+00,3.409434795379638672e+00,6.792913818359375000e+01,6.457955932617187500e+01
1.086814641952514648e+00,3.409434795379638672e+00,8.944611358642578125e+01,8.846584320068359375e+01
9.641720652580261230e-01,3.409434795379638672e+00,1.526197052001953125e+02,1.550448608398437500e+02
8.597860336303710938e-01,3.409434795379638672e+00,1.479104461669921875e+02,1.534611816406250000e+02
7.700383663177490234e-01,3.409434795379638672e+00,2.314566192626953125e+02,2.441726531982421875e+02
6.466969847679138184e-01,3.409434795379638672e+00,4.580891723632812500e+02,4.869788208007812500e+02
5.225661277770996094e+00,3.539516210556030273e+00,3.321184396743774414e+00,3.362943172454833984e+00
4.812076091766357422e+00,3.539516210556030273e+00,5.308805942535400391e+00,4.761099815368652344e+00
4.405027389526367188e+00,3.539516210556030273e+00,7.873131752014160156e+00,6.621840000152587891e+00
3.863714694976806641e+00,3.539516210556030273e+00,1.148795223236083984e+01,9.351491928100585938e+00
3.424805164337158203e+00,3.539516210556030273e+00,1.528641319274902344e+01,1.238141632080078125e+01
3.043220043182373047e+00,3.539516210556030273e+00,1.978509330749511719e+01,1.613889503479003906e+01
2.680367469787597656e+00,3.539516210556030273e+00,2.567286109924316406e+01,2.085359001159667969e+01
2.343759298324584961e+00,3.539516210556030273e+00,3.316021347045898438e+01,2.797317314147949219e+01
1.218445181846618652e+00,3.539516210556030273e+00,8.027423095703125000e+01,7.742980194091796875e+01
1.082079529762268066e+00,3.539516210556030273e+00,8.976152038574218750e+01,8.890068054199218750e+01
9.693092107772827148e-01,3.539516210556030273e+00,1.553217010498046875e+02,1.577635192871093750e+02
8.717362284660339355e-01,3.539516210556030273e+00,2.741879882812500000e+02,2.839353332519531250e+02
7.870763540267944336e-01,3.539516210556030273e+00,2.210901336669921875e+02,2.327216644287109375e+02
7.154115438461303711e-01,3.539516210556030273e+00,1.193953247070312500e+02,1.264277954101562500e+02
6.667867302894592285e-01,3.539516210556030273e+00,4.696054077148437500e+02,4.992235107421875000e+02
5.504102706909179688e+00,3.669597625732421875e+00,5.608072876930236816e-01,5.475447773933410645e-01
5.295270442962646484e+00,3.669597625732421875e+00,2.857797861099243164e+00,2.874293565750122070e+00
4.934552192687988281e+00,3.669597625732421875e+00,4.663969039916992188e+00,4.253732681274414062e+00
4.574048519134521484e+00,3.669597625732421875e+00,6.845453262329101562e+00,5.916247844696044922e+00
4.069446563720703125e+00,3.669597625732421875e+00,9.992958068847656250e+00,8.213812828063964844e+00
3.594018220901489258e+00,3.669597625732421875e+00,1.370375728607177734e+01,1.103955078125000000e+01
3.209622859954833984e+00,3.669597625732421875e+00,1.763741683959960938e+01,1.423557567596435547e+01
2.858931064605712891e+00,3.669597625732421875e+00,2.257824325561523438e+01,1.828686141967773438e+01
2.531776905059814453e+00,3.669597625732421875e+00,2.867765808105468750e+01,2.366645812988281250e+01
2.226395606994628906e+00,3.669597625732421875e+00,3.646672821044921875e+01,3.123509216308593750e+01
1.975175857543945312e+00,3.669597625732421875e+00,4.286544418334960938e+01,3.786517715454101562e+01
1.206565380096435547e+00,3.669597625732421875e+00,8.732720947265625000e+01,8.427515411376953125e+01
1.083515405654907227e+00,3.669597625732421875e+00,9.031211853027343750e+01,8.951661682128906250e+01
9.793424606323242188e-01,3.669597625732421875e+00,1.589443206787109375e+02,1.613875122070312500e+02
8.876273632049560547e-01,3.669597625732421875e+00,2.394086761474609375e+02,2.477948760986328125e+02
8.052558898925781250e-01,3.669597625732421875e+00,2.219735107421875000e+02,2.331278839111328125e+02
7.374697327613830566e-01,3.669597625732421875e+00,1.941554565429687500e+02,2.057426452636718750e+02
6.880541443824768066e-01,3.669597625732421875e+00,4.774189453125000000e+02,5.075316772460937500e+02
5.084200382232666016e+00,3.799675941467285156e+00,3.944413900375366211e+00,3.795541524887084961e+00
4.722186565399169922e+00,3.799675941467285156e+00,5.959798812866210938e+00,5.316387653350830078e+00
4.286254882812500000e+00,3.799675941467285156e+00,8.578543663024902344e+00,7.123787879943847656e+00
3.789578914642333984e+00,3.799675941467285156e+00,1.209271049499511719e+01,9.818393707275390625e+00
3.395226955413818359e+00,3.799675941467285156e+00,1.558711242675781250e+01,1.262643432617187500e+01
3.044119119644165039e+00,3.799675941467285156e+00,1.978000831604003906e+01,1.613715553283691406e+01
2.708930253982543945e+00,3.799675941467285156e+00,2.514207077026367188e+01,2.041481208801269531e+01
2.404214859008789062e+00,3.799675941467285156e+00,3.165592002868652344e+01,2.654870033264160156e+01
2.138511180877685547e+00,3.799675941467285156e+00,3.899557876586914062e+01,3.382285690307617188e+01
1.904918193817138672e+00,3.799675941467285156e+00,4.631536865234375000e+01,4.132735443115234375e+01
1.204326868057250977e+00,3.799675941467285156e+00,8.744776916503906250e+01,8.462291717529296875e+01
1.088799238204956055e+00,3.799675941467285156e+00,9.188089752197265625e+01,9.107514190673828125e+01
9.905795454978942871e-01,3.799675941467285156e+00,1.614011688232421875e+02,1.636970367431640625e+02
9.037649035453796387e-01,3.799675941467285156e+00,1.924923553466796875e+02,1.989930419921875000e+02
8.233742117881774902e-01,3.799675941467285156e+00,2.076206665039062500e+02,2.172197723388671875e+02
7.590939402580261230e-01,3.799675941467285156e+00,2.502712707519531250e+02,2.648901672363281250e+02
5.218051910400390625e+00,3.929760694503784180e+00,3.341810464859008789e+00,3.373029470443725586e+00
4.845472335815429688e+00,3.929760694503784180e+00,5.096739768981933594e+00,4.585965633392333984e+00
4.488663673400878906e+00,3.929760694503784180e+00,7.379857063293457031e+00,6.275659561157226562e+00
4.003538131713867188e+00,3.929760694503784180e+00,1.041785049438476562e+01,8.534343719482421875e+00
3.570905208587646484e+00,3.929760694503784180e+00,1.387243461608886719e+01,1.115773582458496094e+01
3.219476222991943359e+00,3.929760694503784180e+00,1.752472686767578125e+01,1.412839603424072266e+01
2.895390510559082031e+00,3.929760694503784180e+00,2.201893424987792969e+01,1.787648963928222656e+01
2.585730552673339844e+00,3.929760694503784180e+00,2.756657218933105469e+01,2.250888061523437500e+01
2.309904813766479492e+00,3.929760694503784180e+00,3.417276000976562500e+01,2.912373161315917969e+01
2.069255828857421875e+00,3.929760694503784180e+00,4.157662582397460938e+01,3.640642547607421875e+01
1.855635166168212891e+00,3.929760694503784180e+00,5.001163482666015625e+01,4.499272537231445312e+01
1.337731242179870605e+00,3.929760694503784180e+00,4.229504776000976562e+01,3.981974792480468750e+01
1.206929087638854980e+00,3.929760694503784180e+00,8.845968627929687500e+01,8.572591400146484375e+01
1.097373247146606445e+00,3.929760694503784180e+00,9.467902374267578125e+01,9.381684875488281250e+01
1.004007697105407715e+00,3.929760694503784180e+00,1.636298675537109375e+02,1.657186889648437500e+02
9.217821955680847168e-01,3.929760694503784180e+00,2.068025817871093750e+02,2.137365417480468750e+02
8.432804346084594727e-01,3.929760694503784180e+00,2.207406005859375000e+02,2.302532043457031250e+02
7.813069224357604980e-01,3.929760694503784180e+00,2.424075012207031250e+02,2.561691589355468750e+02
5.533761978149414062e+00,4.059838771820068359e+00,8.125901222229003906e-01,8.356708884239196777e-01
5.319572448730468750e+00,4.059838771820068359e+00,2.795412778854370117e+00,2.861687421798706055e+00
4.992401123046875000e+00,4.059838771820068359e+00,4.440046310424804688e+00,4.127802848815917969e+00
4.662174224853515625e+00,4.059838771820068359e+00,6.295209407806396484e+00,5.551838397979736328e+00
4.236274719238281250e+00,4.059838771820068359e+00,8.936588287353515625e+00,7.410111427307128906e+00
3.773132562637329102e+00,4.059838771820068359e+00,1.223021697998046875e+01,9.907463073730468750e+00
3.410815477371215820e+00,4.059838771820068359e+00,1.542094326019287109e+01,1.249080181121826172e+01
3.086067438125610352e+00,4.059838771820068359e+00,1.923958206176757812e+01,1.569116497039794922e+01
2.769070148468017578e+00,4.059838771820068359e+00,2.409575080871582031e+01,1.950641059875488281e+01
2.491044044494628906e+00,4.059838771820068359e+00,2.960460853576660156e+01,2.453389549255371094e+01
2.232817649841308594e+00,4.059838771820068359e+00,3.638912200927734375e+01,3.121836280822753906e+01
2.017507791519165039e+00,4.059838771820068359e+00,4.357167053222656250e+01,3.849545288085937500e+01
1.816114664077758789e+00,4.059838771820068359e+00,5.168071365356445312e+01,4.660448074340820312e+01
1.632293939590454102e+00,4.059838771820068359e+00,2.883283615112304688e+01,2.602655029296875000e+01
1.331110000610351562e+00,4.059838771820068359e+00,6.870359039306640625e+01,6.461635589599609375e+01
1.212283849716186523e+00,4.059838771820068359e+00,9.002889251708984375e+01,8.729612731933593750e+01
1.108111023902893066e+00,4.059838771820068359e+00,9.704295349121093750e+01,9.605928802490234375e+01
1.019533157348632812e+00,4.059838771820068359e+00,1.663781433105468750e+02,1.682880096435546875e+02
9.363440275192260742e-01,4.059838771820068359e+00,1.620902404785156250e+02,1.664559936523437500e+02
8.628989458084106445e-01,4.059838771820068359e+00,2.026555023193359375e+02,2.106887054443359375e+02
8.027921319007873535e-01,4.059838771820068359e+00,2.287400512695312500e+02,2.411703491210937500e+02
7.546619176864624023e-01,4.059838771820068359e+00,2.604675292968750000e+02,2.761943969726562500e+02
5.469101428985595703e+00,4.189923286437988281e+00,2.002018928527832031e+00,2.234856843948364258e+00
5.146878242492675781e+00,4.189923286437988281e+00,3.739744186401367188e+00,3.681524991989135742e+00
4.803188800811767578e+00,4.189923286437988281e+00,5.365241050720214844e+00,4.808382034301757812e+00
4.453308582305908203e+00,4.189923286437988281e+00,7.548749923706054688e+00,6.390610694885253906e+00
3.999781847000122070e+00,4.189923286437988281e+00,1.045796203613281250e+01,8.573643684387207031e+00
3.593305587768554688e+00,4.189923286437988281e+00,1.371559619903564453e+01,1.105073356628417969e+01
3.267557621002197266e+00,4.189923286437988281e+00,1.698641586303710938e+01,1.370713329315185547e+01
2.965059280395507812e+00,4.189923286437988281e+00,2.094812202453613281e+01,1.706493377685546875e+01
2.668637752532958984e+00,4.189923286437988281e+00,2.594000244140625000e+01,2.105435943603515625e+01
2.410782814025878906e+00,4.189923286437988281e+00,3.153434371948242188e+01,2.643026161193847656e+01
2.176220655441284180e+00,4.189923286437988281e+00,3.813376617431640625e+01,3.302162551879882812e+01
1.975973248481750488e+00,4.189923286437988281e+00,4.521235275268554688e+01,4.012729263305664062e+01
1.790669679641723633e+00,4.189923286437988281e+00,5.307147216796875000e+01,4.807550048828125000e+01
1.618868350982666016e+00,4.189923286437988281e+00,6.036773300170898438e+01,5.499517440795898438e+01
1.460159659385681152e+00,4.189923286437988281e+00,5.582601165771484375e+01,5.102495956420898438e+01
1.334307670593261719e+00,4.189923286437988281e+00,6.960669708251953125e+01,6.571360778808593750e+01
1.220440506935119629e+00,4.189923286437988281e+00,9.208058166503906250e+01,8.928363037109375000e+01
1.120270371437072754e+00,4.189923286437988281e+00,9.983126831054687500e+01,9.866475677490234375e+01
1.035187721252441406e+00,4.189923286437988281e+00,1.603500213623046875e+02,1.618995513916015625e+02
9.527514576911926270e-01,4.189923286437988281e+00,1.548202362060546875e+02,1.582148895263671875e+02
8.852138519287109375e-01,4.189923286437988281e+00,1.648884887695312500e+02,1.712910919189453125e+02
8.247957825660705566e-01,4.189923286437988281e+00,2.500971069335937500e+02,2.629700622558593750e+02
7.788294553756713867e-01,4.189923286437988281e+00,2.601335144042968750e+02,2.754409179687500000e+02
5.297431468963623047e+00,4.320007801055908203e+00,2.999531984329223633e+00,3.151335239410400391e+00
4.946690559387207031e+00,4.320007801055908203e+00,4.601177692413330078e+00,4.210462570190429688e+00
4.638819694519042969e+00,4.320007801055908203e+00,6.518305778503417969e+00,5.722838401794433594e+00
4.238498210906982422e+00,4.320007801055908203e+00,8.925992965698242188e+00,7.405073165893554688e+00
3.808504581451416016e+00,4.320007801055908203e+00,1.194850635528564453e+01,9.733899116516113281e+00
3.459402084350585938e+00,4.320007801055908203e+00,1.494814872741699219e+01,1.212037944793701172e+01
3.155343532562255859e+00,4.320007801055908203e+00,1.833988952636718750e+01,1.491574764251708984e+01
2.859450340270996094e+00,4.320007801055908203e+00,2.259937858581542969e+01,1.831276321411132812e+01
2.588064193725585938e+00,4.320007801055908203e+00,2.754832649230957031e+01,2.251096534729003906e+01
2.346267700195312500e+00,4.320007801055908203e+00,3.320763778686523438e+01,2.807021903991699219e+01
2.131910800933837891e+00,4.320007801055908203e+00,3.963387680053710938e+01,3.455421447753906250e+01
1.945916652679443359e+00,4.320007801055908203e+00,4.648143768310546875e+01,4.147574234008789062e+01
1.770682930946350098e+00,4.320007801055908203e+00,5.413927078247070312e+01,4.912886047363281250e+01
1.610049486160278320e+00,4.320007801055908203e+00,6.175949478149414062e+01,5.656676483154296875e+01
1.465912461280822754e+00,4.320007801055908203e+00,6.941380310058593750e+01,6.423304748535156250e+01
1.339805483818054199e+00,4.320007801055908203e+00,7.091154479980468750e+01,6.706646728515625000e+01
1.230786561965942383e+00,4.320007801055908203e+00,9.453372192382812500e+01,9.164456176757812500e+01
1.134261250495910645e+00,4.320007801055908203e+00,1.028007507324218750e+02,1.014312515258789062e+02
1.051670670509338379e+00,4.320007801055908203e+00,1.531482238769531250e+02,1.542676239013671875e+02
9.715375900268554688e-01,4.320007801055908203e+00,1.463365478515625000e+02,1.490619049072265625e+02
9.056838750839233398e-01,4.320007801055908203e+00,2.482565307617187500e+02,2.570892028808593750e+02
8.462821245193481445e-01,4.320007801055908203e+00,2.132115478515625000e+02,2.232582702636718750e+02
8.024467229843139648e-01,4.320007801055908203e+00,2.456330261230468750e+02,2.596925964355468750e+02
5.490321159362792969e+00,4.450086116790771484e+00,1.031539291143417358e-01,9.659969061613082886e-02
5.105679035186767578e+00,4.450086116790771484e+00,3.898149728775024414e+00,3.771463394165039062e+00
4.792291641235351562e+00,4.450086116790771484e+00,5.434568405151367188e+00,4.870430469512939453e+00
4.454443454742431641e+00,4.450086116790771484e+00,7.543927192687988281e+00,6.388560295104980469e+00
4.034054756164550781e+00,4.450086116790771484e+00,1.023277091979980469e+01,8.383852005004882812e+00
3.648406505584716797e+00,4.450086116790771484e+00,1.326246833801269531e+01,1.071409797668457031e+01
3.339645624160766602e+00,4.450086116790771484e+00,1.620042228698730469e+01,1.310932064056396484e+01
3.057639598846435547e+00,4.450086116790771484e+00,1.961720275878906250e+01,1.601069641113281250e+01
2.772534132003784180e+00,4.450086116790771484e+00,2.405786895751953125e+01,1.948765563964843750e+01
2.526223182678222656e+00,4.450086116790771484e+00,2.888690185546875000e+01,2.386529541015625000e+01
2.299635887145996094e+00,4.450086116790771484e+00,3.458721923828125000e+01,2.956129646301269531e+01
2.098199844360351562e+00,4.450086116790771484e+00,4.082393646240234375e+01,3.580102157592773438e+01
1.921518564224243164e+00,4.450086116790771484e+00,4.759120559692382812e+01,4.257527160644531250e+01
1.757046580314636230e+00,4.450086116790771484e+00,5.374480438232421875e+01,4.884563064575195312e+01
1.603830814361572266e+00,4.450086116790771484e+00,6.227902221679687500e+01,5.715724563598632812e+01
1.469007015228271484e+00,4.450086116790771484e+00,7.034931945800781250e+01,6.538520050048828125e+01
1.347181320190429688e+00,4.450086116790771484e+00,7.249056243896484375e+01,6.862044525146484375e+01
1.242327451705932617e+00,4.450086116790771484e+00,9.454801940917968750e+01,9.158131408691406250e+01
1.148741006851196289e+00,4.450086116790771484e+00,1.055072555541992188e+02,1.038839874267578125e+02
1.069279670715332031e+00,4.450086116790771484e+00,1.475583496093750000e+02,1.483345642089843750e+02
9.913666844367980957e-01,4.450086116790771484e+00,1.404526367187500000e+02,1.427829589843750000e+02
9.286653399467468262e-01,4.450086116790771484e+00,2.147452392578125000e+02,2.221087799072265625e+02
8.686721324920654297e-01,4.450086116790771484e+00,2.592404785156250000e+02,2.706293945312500000e+02
8.256166577339172363e-01,4.450086116790771484e+00,2.306218872070312500e+02,2.432348480224609375e+02
5.257989883422851562e+00,4.580164909362792969e+00,3.195749521255493164e+00,3.285099506378173828e+00
4.933942317962646484e+00,4.580164909362792969e+00,4.673811912536621094e+00,4.262251853942871094e+00
4.644410133361816406e+00,4.580164909362792969e+00,6.472669124603271484e+00,5.688523292541503906e+00
4.272148132324218750e+00,4.580164909362792969e+00,8.651617050170898438e+00,7.179629325866699219e+00
3.866518497467041016e+00,4.580164909362792969e+00,1.147979640960693359e+01,9.352224349975585938e+00
3.524519443511962891e+00,4.580164909362792969e+00,1.432525920867919922e+01,1.157486629486083984e+01
3.234223842620849609e+00,4.580164909362792969e+00,1.737059974670410156e+01,1.399336147308349609e+01
2.969579696655273438e+00,4.580164909362792969e+00,2.089995193481445312e+01,1.703276443481445312e+01
2.702785491943359375e+00,4.580164909362792969e+00,2.531206130981445312e+01,2.059443283081054688e+01
2.473842859268188477e+00,4.580164909362792969e+00,3.007382965087890625e+01,2.506430244445800781e+01
2.258990049362182617e+00,4.580164909362792969e+00,3.573165893554687500e+01,3.069398117065429688e+01
2.070286989212036133e+00,4.580164909362792969e+00,4.190899658203125000e+01,3.684498214721679688e+01
1.903798103332519531e+00,4.580164909362792969e+00,4.834766006469726562e+01,4.337657546997070312e+01
1.747661352157592773e+00,4.580164909362792969e+00,5.539609909057617188e+01,5.040301513671875000e+01
1.601569771766662598e+00,4.580164909362792969e+00,6.198472595214843750e+01,5.696379089355468750e+01
1.473075628280639648e+00,4.580164909362792969e+00,7.070668029785156250e+01,6.584854125976562500e+01
1.356522440910339355e+00,4.580164909362792969e+00,7.441300964355468750e+01,7.046451568603515625e+01
1.254963278770446777e+00,4.580164909362792969e+00,9.351216888427734375e+01,9.047254180908203125e+01
1.164727568626403809e+00,4.580164909362792969e+00,1.077642745971679688e+02,1.059072875976562500e+02
1.087200880050659180e+00,4.580164909362792969e+00,1.373644256591796875e+02,1.376822357177734375e+02
1.012509107589721680e+00,4.580164909362792969e+00,1.746331024169921875e+02,1.772259368896484375e+02
9.490479230880737305e-01,4.580164909362792969e+00,1.684392700195312500e+02,1.735525665283203125e+02
8.907332420349121094e-01,4.580164909362792969e+00,1.828156890869140625e+02,1.900911102294921875e+02
8.495934605598449707e-01,4.580164909362792969e+00,2.643774719238281250e+02,2.780569152832031250e+02
5.534488677978515625e+00,4.710249423980712891e+00,8.256207704544067383e-01,8.502988219261169434e-01
5.378244400024414062e+00,4.710249423980712891e+00,2.546755790710449219e+00,2.717101573944091797e+00
5.093997001647949219e+00,4.710249423980712891e+00,3.921316146850585938e+00,3.779647111892700195e+00
4.799069881439208984e+00,4.710249423980712891e+00,5.395748138427734375e+00,4.835408687591552734e+00
4.480051994323730469e+00,4.710249423980712891e+00,7.418862819671630859e+00,6.301211357116699219e+00
4.094635486602783203e+00,4.710249423980712891e+00,9.789473533630371094e+00,8.031459808349609375e+00
3.728579044342041016e+00,4.710249423980712891e+00,1.260622787475585938e+01,1.023875713348388672e+01
3.423387527465820312e+00,4.710249423980712891e+00,1.531916427612304688e+01,1.241639232635498047e+01
3.155652999877929688e+00,4.710249423980712891e+00,1.835117721557617188e+01,1.493093109130859375e+01
2.892507791519165039e+00,4.710249423980712891e+00,2.210420036315917969e+01,1.796062278747558594e+01
2.644043445587158203e+00,4.710249423980712891e+00,2.643758201599121094e+01,2.159123039245605469e+01
2.424546718597412109e+00,4.710249423980712891e+00,3.126568412780761719e+01,2.613028144836425781e+01
2.221738576889038086e+00,4.710249423980712891e+00,3.688518905639648438e+01,3.167849349975585938e+01
2.049838066101074219e+00,4.710249423980712891e+00,4.264650726318359375e+01,3.763200759887695312e+01
1.891341209411621094e+00,4.710249423980712891e+00,4.896442794799804688e+01,4.406066513061523438e+01
1.742167830467224121e+00,4.710249423980712891e+00,5.578108215332031250e+01,5.082432556152343750e+01
1.602345824241638184e+00,4.710249423980712891e+00,6.212192153930664062e+01,5.714711380004882812e+01
1.478915333747863770e+00,4.710249423980712891e+00,7.071492004394531250e+01,6.591398620605468750e+01
1.367296218872070312e+00,4.710249423980712891e+00,7.663880157470703125e+01,7.257398986816406250e+01
1.268320202827453613e+00,4.710249423980712891e+00,9.215016937255859375e+01,8.899830627441406250e+01
1.181188464164733887e+00,4.710249423980712891e+00,1.056347122192382812e+02,1.036104125976562500e+02
1.103712081909179688e+00,4.710249423980712891e+00,1.303069763183593750e+02,1.299838867187500000e+02
1.032760262489318848e+00,4.710249423980712891e+00,1.690560150146484375e+02,1.711320953369140625e+02
9.671410918235778809e-01,4.710249423980712891e+00,1.596420593261718750e+02,1.634121246337890625e+02
9.130979180335998535e-01,4.710249423980712891e+00,2.539216308593750000e+02,2.631974487304687500e+02
8.719910979270935059e-01,4.710249423980712891e+00,2.161200714111328125e+02,2.263654479980468750e+02
5.242705345153808594e+00,4.840327739715576172e+00,3.268621206283569336e+00,3.335450410842895508e+00
4.939608573913574219e+00,4.840327739715576172e+00,4.644222259521484375e+00,4.241142749786376953e+00
4.671425342559814453e+00,4.840327739715576172e+00,6.224634170532226562e+00,5.504910945892333984e+00
4.327755928039550781e+00,4.840327739715576172e+00,8.365988731384277344e+00,6.995874404907226562e+00
3.942980766296386719e+00,4.840327739715576172e+00,1.089044189453125000e+01,8.894120216369628906e+00
3.607587575912475586e+00,4.840327739715576172e+00,1.361265373229980469e+01,1.098283767700195312e+01
3.332275629043579102e+00,4.840327739715576172e+00,1.628104782104492188e+01,1.317371559143066406e+01
3.083370685577392578e+00,4.840327739715576172e+00,1.930311203002929688e+01,1.575296020507812500e+01
2.819105148315429688e+00,4.840327739715576172e+00,2.329881668090820312e+01,1.876642036437988281e+01
2.592016220092773438e+00,4.840327739715576172e+00,2.751809310913085938e+01,2.251531410217285156e+01
2.389113664627075195e+00,4.840327739715576172e+00,3.218051147460937500e+01,2.710919570922851562e+01
2.197095394134521484e+00,4.840327739715576172e+00,3.764948654174804688e+01,3.251523208618164062e+01
2.034094572067260742e+00,4.840327739715576172e+00,4.328113937377929688e+01,3.831580352783203125e+01
1.882569313049316406e+00,4.840327739715576172e+00,4.943319320678710938e+01,4.457418823242187500e+01
1.739819049835205078e+00,4.840327739715576172e+00,5.602264022827148438e+01,5.109958648681640625e+01
1.605336904525756836e+00,4.840327739715576172e+00,6.260353088378906250e+01,5.763311004638671875e+01
1.486185073852539062e+00,4.840327739715576172e+00,7.052955627441406250e+01,6.576439666748046875e+01
1.379399061203002930e+00,4.840327739715576172e+00,7.905675506591796875e+01,7.485559844970703125e+01
1.282698035240173340e+00,4.840327739715576172e+00,9.067176818847656250e+01,8.739802551269531250e+01
1.198497176170349121e+00,4.840327739715576172e+00,1.035287933349609375e+02,1.013564376831054688e+02
1.122527599334716797e+00,4.840327739715576172e+00,1.064904098510742188e+02,1.058910446166992188e+02
1.054369211196899414e+00,4.840327739715576172e+00,1.617684783935546875e+02,1.634125213623046875e+02
9.885410070419311523e-01,4.840327739715576172e+00,1.498952941894531250e+02,1.528321685791015625e+02
9.371879100799560547e-01,4.840327739715576172e+00,2.242662506103515625e+02,2.320581512451171875e+02
8.957039713859558105e-01,4.840327739715576172e+00,3.080823669433593750e+02,3.218921508789062500e+02
5.541838169097900391e+00,4.970412254333496094e+00,1.064316153526306152e+00,1.129948377609252930e+00
5.357588291168212891e+00,4.970412254333496094e+00,2.644095420837402344e+00,2.778880119323730469e+00
5.098825931549072266e+00,4.970412254333496094e+00,3.915294647216796875e+00,3.779702425003051758e+00
4.818576812744140625e+00,4.970412254333496094e+00,5.281472206115722656e+00,4.740206241607666016e+00
4.526919841766357422e+00,4.970412254333496094e+00,7.203612327575683594e+00,6.183248043060302734e+00
4.168940544128417969e+00,4.970412254333496094e+00,9.353370666503906250e+00,7.714357852935791016e+00
3.818091869354248047e+00,4.970412254333496094e+00,1.187743282318115234e+01,9.683650016784667969e+00
3.513676166534423828e+00,4.970412254333496094e+00,1.443779468536376953e+01,1.168360042572021484e+01
3.250413894653320312e+00,4.970412254333496094e+00,1.720594596862792969e+01,1.387421131134033203e+01
3.016026973724365234e+00,4.970412254333496094e+00,2.025129127502441406e+01,1.652146530151367188e+01
2.768335819244384766e+00,4.970412254333496094e+00,2.417721366882324219e+01,1.959511184692382812e+01
2.555778264999389648e+00,4.970412254333496094e+00,2.828819847106933594e+01,2.338389587402343750e+01
2.355505943298339844e+00,4.970412254333496094e+00,3.308515548706054688e+01,2.794563484191894531e+01
2.178834438323974609e+00,4.970412254333496094e+00,3.828322982788085938e+01,3.326054000854492188e+01
2.021129846572875977e+00,4.970412254333496094e+00,4.383853912353515625e+01,3.888582229614257812e+01
1.876081466674804688e+00,4.970412254333496094e+00,4.981314086914062500e+01,4.498220062255859375e+01
1.739476680755615234e+00,4.970412254333496094e+00,5.616538619995117188e+01,5.127405929565429688e+01
1.610472917556762695e+00,4.970412254333496094e+00,6.298205184936523438e+01,5.801293945312500000e+01
1.495146632194519043e+00,4.970412254333496094e+00,7.021360015869140625e+01,6.547642517089843750e+01
1.391331791877746582e+00,4.970412254333496094e+00,7.875205230712890625e+01,7.450196838378906250e+01
1.297913789749145508e+00,4.970412254333496094e+00,8.938707733154296875e+01,8.603245544433593750e+01
1.216317415237426758e+00,4.970412254333496094e+00,1.014737243652343750e+02,9.915654754638671875e+01
1.141358613967895508e+00,4.970412254333496094e+00,1.091035842895507812e+02,1.081318740844726562e+02
1.075118064880371094e+00,4.970412254333496094e+00,1.526793823242187500e+02,1.537873535156250000e+02
1.011792421340942383e+00,4.970412254333496094e+00,1.828551025390625000e+02,1.859988403320312500e+02
9.619764089584350586e-01,4.970412254333496094e+00,2.314414978027343750e+02,2.392158050537109375e+02
9.181920289993286133e-01,4.970412254333496094e+00,1.471705780029296875e+02,1.530911865234375000e+02
5.492938995361328125e+00,5.100496768951416016e+00,1.880162119865417480e+00,2.108847379684448242e+00
5.242894172668457031e+00,5.100496768951416016e+00,3.270545482635498047e+00,3.337652444839477539e+00
4.960026264190673828e+00,5.100496768951416016e+00,4.534598827362060547e+00,4.168129920959472656e+00
4.707901000976562500e+00,5.100496768951416016e+00,6.065005302429199219e+00,5.394649505615234375e+00
4.386271476745605469e+00,5.100496768951416016e+00,7.979807853698730469e+00,6.702228069305419922e+00
4.030759811401367188e+00,5.100496768951416016e+00,1.025886917114257812e+01,8.409807205200195312e+00
3.705454111099243164e+00,5.100496768951416016e+00,1.280630683898925781e+01,1.038181400299072266e+01
3.431204319000244141e+00,5.100496768951416016e+00,1.525515174865722656e+01,1.236963272094726562e+01
3.185514211654663086e+00,5.100496768951416016e+00,1.799471282958984375e+01,1.458250808715820312e+01
2.956131935119628906e+00,5.100496768951416016e+00,2.113518905639648438e+01,1.722603416442871094e+01
2.721234798431396484e+00,5.100496768951416016e+00,2.502147865295410156e+01,2.033616828918457031e+01
2.513801574707031250e+00,5.100496768951416016e+00,2.924479293823242188e+01,2.414338493347167969e+01
2.333886146545410156e+00,5.100496768951416016e+00,3.370790100097656250e+01,2.872618865966796875e+01
2.161728382110595703e+00,5.100496768951416016e+00,3.892124938964843750e+01,3.392932128906250000e+01
2.010550975799560547e+00,5.100496768951416016e+00,4.433148574829101562e+01,3.937937927246093750e+01
1.872311949729919434e+00,5.100496768951416016e+00,5.008359527587890625e+01,4.527326202392578125e+01
1.741337537765502930e+00,5.100496768951416016e+00,5.621726226806640625e+01,5.135874557495117188e+01
1.616801738739013672e+00,5.100496768951416016e+00,6.279641723632812500e+01,5.786417388916015625e+01
1.504931449890136719e+00,5.100496768951416016e+00,6.982514953613281250e+01,6.511124420166015625e+01
1.404659032821655273e+00,5.100496768951416016e+00,7.795520782470703125e+01,7.368835449218750000e+01
1.314720869064331055e+00,5.100496768951416016e+00,8.823576354980468750e+01,8.483798217773437500e+01
1.234511137008666992e+00,5.100496768951416016e+00,9.963265228271484375e+01,9.718651580810546875e+01
1.161024570465087891e+00,5.100496768951416016e+00,1.124990539550781250e+02,1.111845779418945312e+02
1.096757888793945312e+00,5.100496768951416016e+00,1.467470703125000000e+02,1.475053100585937500e+02
1.035082340240478516e+00,5.100496768951416016e+00,1.791205139160156250e+02,1.817892608642578125e+02
9.809716343879699707e-01,5.100496768951416016e+00,1.626415405273437500e+02,1.666795349121093750e+02
9.419732093811035156e-01,5.100496768951416016e+00,2.409340362548828125e+02,2.495424652099609375e+02
5.540833950042724609e+00,5.230587482452392578e+00,1.140995860099792480e+00,1.220232844352722168e+00
5.360024929046630859e+00,5.230587482452392578e+00,2.634890556335449219e+00,2.773483037948608398e+00
5.112482547760009766e+00,5.230587482452392578e+00,3.883805990219116211e+00,3.766709566116333008e+00
4.846808433532714844e+00,5.230587482452392578e+00,5.101332664489746094e+00,4.592236518859863281e+00
4.575789451599121094e+00,5.230587482452392578e+00,6.848136425018310547e+00,5.922305583953857422e+00
4.253120899200439453e+00,5.230587482452392578e+00,8.842746734619140625e+00,7.353238105773925781e+00
3.912495613098144531e+00,5.230587482452392578e+00,1.112808609008789062e+01,9.100642204284667969e+00
3.609014511108398438e+00,5.230587482452392578e+00,1.361019992828369141e+01,1.098513698577880859e+01
3.357836723327636719e+00,5.230587482452392578e+00,1.602975082397460938e+01,1.298621463775634766e+01
3.130556583404541016e+00,5.230587482452392578e+00,1.868305587768554688e+01,1.524074745178222656e+01
2.902237415313720703e+00,5.230587482452392578e+00,2.199482536315917969e+01,1.788652992248535156e+01
2.679656505584716797e+00,5.230587482452392578e+00,2.582001686096191406e+01,2.101689338684082031e+01
2.488763809204101562e+00,5.230587482452392578e+00,2.982252883911132812e+01,2.485337066650390625e+01
2.312302827835083008e+00,5.230587482452392578e+00,3.437291336059570312e+01,2.941725349426269531e+01
2.148361444473266602e+00,5.230587482452392578e+00,3.945189285278320312e+01,3.447493743896484375e+01
2.003057241439819336e+00,5.230587482452392578e+00,4.471586227416992188e+01,3.977657699584960938e+01
1.870933055877685547e+00,5.230587482452392578e+00,5.024567794799804688e+01,4.545463562011718750e+01
1.745027065277099609e+00,5.230587482452392578e+00,5.617526626586914062e+01,5.134783172607421875e+01
1.624885559082031250e+00,5.230587482452392578e+00,6.251719665527343750e+01,5.762468719482421875e+01
1.516449928283691406e+00,5.230587482452392578e+00,6.933104705810546875e+01,6.463768768310546875e+01
1.418464422225952148e+00,5.230587482452392578e+00,7.710379028320312500e+01,7.281726074218750000e+01
1.330702304840087891e+00,5.230587482452392578e+00,8.670415496826171875e+01,8.317611694335937500e+01
1.252996683120727539e+00,5.230587482452392578e+00,9.768070220947265625e+01,9.508675384521484375e+01
1.180248022079467773e+00,5.230587482452392578e+00,1.100265884399414062e+02,1.083860473632812500e+02
1.117265462875366211e+00,5.230587482452392578e+00,1.366982269287109375e+02,1.368143310546875000e+02
1.057576417922973633e+00,5.230587482452392578e+00,1.689623260498046875e+02,1.710377349853515625e+02
1.003609776496887207e+00,5.230587482452392578e+00,1.541141204833984375e+02,1.573059997558593750e+02
9.673752784729003906e-01,5.230587482452392578e+00,2.323134002685546875e+02,2.403687133789062500e+02
5.494826316833496094e+00,5.360684394836425781e+00,1.868340373039245605e+00,2.096239328384399414e+00
5.254972457885742188e+00,5.360684394836425781e+00,3.217734098434448242e+00,3.301879882812500000e+00
4.988161087036132812e+00,5.360684394836425781e+00,4.464201450347900391e+00,4.142500877380371094e+00
4.750647544860839844e+00,5.360684394836425781e+00,5.745038032531738281e+00,5.148167610168457031e+00
4.452296733856201172e+00,5.360684394836425781e+00,7.583431243896484375e+00,6.425201416015625000e+00
4.120537757873535156e+00,5.360684394836425781e+00,9.666050910949707031e+00,7.938912391662597656e+00
3.808683872222900391e+00,5.360684394836425781e+00,1.196879768371582031e+01,9.756475448608398438e+00
3.530374050140380859e+00,5.360684394836425781e+00,1.429007625579833984e+01,1.155078125000000000e+01
3.292097091674804688e+00,5.360684394836425781e+00,1.674997138977050781e+01,1.355232906341552734e+01
3.078285694122314453e+00,5.360684394836425781e+00,1.939546203613281250e+01,1.583965873718261719e+01
2.852917909622192383e+00,5.360684394836425781e+00,2.278198242187500000e+01,1.846211242675781250e+01
2.646511077880859375e+00,5.360684394836425781e+00,2.646586036682128906e+01,2.165914535522460938e+01
2.462019443511962891e+00,5.360684394836425781e+00,3.048325729370117188e+01,2.547424316406250000e+01
2.293992042541503906e+00,5.360684394836425781e+00,3.495373535156250000e+01,2.999680328369140625e+01
2.137971878051757812e+00,5.360684394836425781e+00,3.982374572753906250e+01,3.488647079467773438e+01
1.998215436935424805e+00,5.360684394836425781e+00,4.499137496948242188e+01,4.007111358642578125e+01
1.870388150215148926e+00,5.360684394836425781e+00,5.036613082885742188e+01,4.559449005126953125e+01
1.749756813049316406e+00,5.360684394836425781e+00,5.609104919433593750e+01,5.129534149169921875e+01
1.633790731430053711e+00,5.360684394836425781e+00,6.219786453247070312e+01,5.735013580322265625e+01
1.528788805007934570e+00,5.360684394836425781e+00,6.883972930908203125e+01,6.417680358886718750e+01
1.433063626289367676e+00,5.360684394836425781e+00,7.621738433837890625e+01,7.190843963623046875e+01
1.347453594207763672e+00,5.360684394836425781e+00,8.527191162109375000e+01,8.165365600585937500e+01
1.271195411682128906e+00,5.360684394836425781e+00,9.581578826904296875e+01,9.308049011230468750e+01
1.200880527496337891e+00,5.360684394836425781e+00,1.070547180175781250e+02,1.052002182006835938e+02
1.138086199760437012e+00,5.360684394836425781e+00,1.154848327636718750e+02,1.151529464721679688e+02
1.080746293067932129e+00,5.360684394836425781e+00,1.596001434326171875e+02,1.611301574707031250e+02
1.027839541435241699e+00,5.360684394836425781e+00,1.449367218017578125e+02,1.475185699462890625e+02
9.895141720771789551e-01,5.360684394836425781e+00,1.956915740966796875e+02,2.014137115478515625e+02
5.540255546569824219e+00,5.490756511688232422e+00,1.157192230224609375e+00,1.238870501518249512e+00
5.376585960388183594e+00,5.490756511688232422e+00,2.559878587722778320e+00,2.726188898086547852e+00
5.133666992187500000e+00,5.490756511688232422e+00,3.803903102874755859e+00,3.719318866729736328e+00
4.876671791076660156e+00,5.490756511688232422e+00,4.959794521331787109e+00,4.470737934112548828e+00
4.638280391693115234e+00,5.490756511688232422e+00,6.551946163177490234e+00,5.755007743835449219e+00
4.336899757385253906e+00,5.490756511688232422e+00,8.322959899902343750e+00,6.976438045501708984e+00
4.010530471801757812e+00,5.490756511688232422e+00,1.038695144653320312e+01,8.519145965576171875e+00
3.716595172882080078e+00,5.490756511688232422e+00,1.272735786437988281e+01,1.033640670776367188e+01
3.464508295059204102e+00,5.490756511688232422e+00,1.493014430999755859e+01,1.211901473999023438e+01
3.231146574020385742e+00,5.490756511688232422e+00,1.745075225830078125e+01,1.407428264617919922e+01
3.029955863952636719e+00,5.490756511688232422e+00,2.007383346557617188e+01,1.639208412170410156e+01
2.811162948608398438e+00,5.490756511688232422e+00,2.348369789123535156e+01,1.900705909729003906e+01
2.617310047149658203e+00,5.490756511688232422e+00,2.707279014587402344e+01,2.223875427246093750e+01
2.436315059661865234e+00,5.490756511688232422e+00,3.114012145996093750e+01,2.601147079467773438e+01
2.279480934143066406e+00,5.490756511688232422e+00,3.537802505493164062e+01,3.044456863403320312e+01
2.130504608154296875e+00,5.490756511688232422e+00,4.012524795532226562e+01,3.523138809204101562e+01
1.995490431785583496e+00,5.490756511688232422e+00,4.517172622680664062e+01,4.028555297851562500e+01
1.872868061065673828e+00,5.490756511688232422e+00,5.036598587036132812e+01,4.562340164184570312e+01
1.755831837654113770e+00,5.490756511688232422e+00,5.593993377685546875e+01,5.117432785034179688e+01
1.644109964370727539e+00,5.490756511688232422e+00,6.182659149169921875e+01,5.703404998779296875e+01
1.541598320007324219e+00,5.490756511688232422e+00,6.830165100097656250e+01,6.366660308837890625e+01
1.448131322860717773e+00,5.490756511688232422e+00,7.538192749023437500e+01,7.106773376464843750e+01
1.364542603492736816e+00,5.490756511688232422e+00,8.381163787841796875e+01,8.010564422607421875e+01
1.290105104446411133e+00,5.490756511688232422e+00,9.393019866943359375e+01,9.106974792480468750e+01
1.221648216247558594e+00,5.490756511688232422e+00,1.044448318481445312e+02,1.024218978881835938e+02
1.159010171890258789e+00,5.490756511688232422e+00,1.176930236816406250e+02,1.169174728393554688e+02
1.103184342384338379e+00,5.490756511688232422e+00,1.510534515380859375e+02,1.520822143554687500e+02
1.052569389343261719e+00,5.490756511688232422e+00,1.816170806884765625e+02,1.844355316162109375e+02
1.011376261711120605e+00,5.490756511688232422e+00,1.595282135009765625e+02,1.631436920166015625e+02
5.279520034790039062e+00,5.620853424072265625e+00,3.111061573028564453e+00,3.237692117691040039e+00
5.023161888122558594e+00,5.620853424072265625e+00,4.328608512878417969e+00,4.078225612640380859e+00
4.788072109222412109e+00,5.620853424072265625e+00,5.468922138214111328e+00,4.904582500457763672e+00
4.519305229187011719e+00,5.620853424072265625e+00,7.249322891235351562e+00,6.207739830017089844e+00
4.212762355804443359e+00,5.620853424072265625e+00,9.096229553222656250e+00,7.518420219421386719e+00
3.911272048950195312e+00,5.620853424072265625e+00,1.115091800689697266e+01,9.127741813659667969e+00
3.636833667755126953e+00,5.620853424072265625e+00,1.340371322631835938e+01,1.085639381408691406e+01
3.401534318923950195e+00,5.620853424072265625e+00,1.557774925231933594e+01,1.264122009277343750e+01
3.185247182846069336e+00,5.620853424072265625e+00,1.802955436706542969e+01,1.462522792816162109e+01
2.986130952835083008e+00,5.620853424072265625e+00,2.072786903381347656e+01,1.691569900512695312e+01
2.778385877609252930e+00,5.620853424072265625e+00,2.405855369567871094e+01,1.953296279907226562e+01
2.586361885070800781e+00,5.620853424072265625e+00,2.774165153503417969e+01,2.275448608398437500e+01
2.421424388885498047e+00,5.620853424072265625e+00,3.151636886596679688e+01,2.650820732116699219e+01
2.267593860626220703e+00,5.620853424072265625e+00,3.575147247314453125e+01,3.082529067993164062e+01
2.125061511993408203e+00,5.620853424072265625e+00,4.036001205444335938e+01,3.550077438354492188e+01
1.994579315185546875e+00,5.620853424072265625e+00,4.528192138671875000e+01,4.042972564697265625e+01
1.876073837280273438e+00,5.620853424072265625e+00,5.033149337768554688e+01,4.561942291259765625e+01
1.762902975082397461e+00,5.620853424072265625e+00,5.575440597534179688e+01,5.101947021484375000e+01
1.655402898788452148e+00,5.620853424072265625e+00,6.140573883056640625e+01,5.666512298583984375e+01
1.555666327476501465e+00,5.620853424072265625e+00,6.761178588867187500e+01,6.298986434936523438e+01
1.464545369148254395e+00,5.620853424072265625e+00,7.453804779052734375e+01,7.023056030273437500e+01
1.382642507553100586e+00,5.620853424072265625e+00,8.247196960449218750e+01,7.870862579345703125e+01
1.308979868888854980e+00,5.620853424072265625e+00,9.194245147705078125e+01,8.895602416992187500e+01
1.242652654647827148e+00,5.620853424072265625e+00,1.021515884399414062e+02,9.999137115478515625e+01
1.180184841156005859e+00,5.620853424072265625e+00,1.162751388549804688e+02,1.151024322509765625e+02
1.126309156417846680e+00,5.620853424072265625e+00,1.438568725585937500e+02,1.444412231445312500e+02
1.077042579650878906e+00,5.620853424072265625e+00,1.703271789550781250e+02,1.724896545410156250e+02
1.035957574844360352e+00,5.620853424072265625e+00,1.501577606201171875e+02,1.530922088623046875e+02
5.541859626770019531e+00,5.750937938690185547e+00,1.128537535667419434e+00,1.205719709396362305e+00
5.165395736694335938e+00,5.750937938690185547e+00,3.676308393478393555e+00,3.650754451751708984e+00
4.909641265869140625e+00,5.750937938690185547e+00,4.809751510620117188e+00,4.355473518371582031e+00
4.697884559631347656e+00,5.750937938690185547e+00,6.133550643920898438e+00,5.449229717254638672e+00
4.412152767181396484e+00,5.750937938690185547e+00,7.861233234405517578e+00,6.623550415039062500e+00
4.103223800659179688e+00,5.750937938690185547e+00,9.742678642272949219e+00,7.995576858520507812e+00
3.822155237197875977e+00,5.750937938690185547e+00,1.186466026306152344e+01,9.685001373291015625e+00
3.563549041748046875e+00,5.750937938690185547e+00,1.399538803100585938e+01,1.129454326629638672e+01
3.344182968139648438e+00,5.750937938690185547e+00,1.619430160522460938e+01,1.312150669097900391e+01
3.143993139266967773e+00,5.750937938690185547e+00,1.854676818847656250e+01,1.513011455535888672e+01
2.946296930313110352e+00,5.750937938690185547e+00,2.134608840942382812e+01,1.740242958068847656e+01
2.742180824279785156e+00,5.750937938690185547e+00,2.472817039489746094e+01,2.000803565979003906e+01
2.569824695587158203e+00,5.750937938690185547e+00,2.810228157043457031e+01,2.324189949035644531e+01
2.406471014022827148e+00,5.750937938690185547e+00,3.192056465148925781e+01,2.694869995117187500e+01
2.257276773452758789e+00,5.750937938690185547e+00,3.609040832519531250e+01,3.114558219909667969e+01
2.121039867401123047e+00,5.750937938690185547e+00,4.056027603149414062e+01,3.572914123535156250e+01
1.995177984237670898e+00,5.750937938690185547e+00,4.534666061401367188e+01,4.052695465087890625e+01
1.880626320838928223e+00,5.750937938690185547e+00,5.024060058593750000e+01,4.556240081787109375e+01
1.771373748779296875e+00,5.750937938690185547e+00,5.551366043090820312e+01,5.081029891967773438e+01
1.667068719863891602e+00,5.750937938690185547e+00,6.096591567993164062e+01,5.627016830444335938e+01
1.569700121879577637e+00,5.750937938690185547e+00,6.690189361572265625e+01,6.229930877685546875e+01
1.480640411376953125e+00,5.750937938690185547e+00,7.358696746826171875e+01,6.925920867919921875e+01
1.400419354438781738e+00,5.750937938690185547e+00,8.118029022216796875e+01,7.734503936767578125e+01
1.328361988067626953e+00,5.750937938690185547e+00,9.018854522705078125e+01,8.707936096191406250e+01
1.262983441352844238e+00,5.750937938690185547e+00,9.993197631835937500e+01,9.757910919189453125e+01
1.201481103897094727e+00,5.750937938690185547e+00,1.110209579467773438e+02,1.094902954101562500e+02
1.147731781005859375e+00,5.750937938690185547e+00,1.221303787231445312e+02,1.220499420166015625e+02
1.100795030593872070e+00,5.750937938690185547e+00,1.606636352539062500e+02,1.622699737548828125e+02
1.061260223388671875e+00,5.750937938690185547e+00,1.893034973144531250e+02,1.925777435302734375e+02
5.308272838592529297e+00,5.881010532379150391e+00,2.946221590042114258e+00,3.110882520675659180e+00
5.059253215789794922e+00,5.881010532379150391e+00,4.143237113952636719e+00,3.957445621490478516e+00
4.825903892517089844e+00,5.881010532379150391e+00,5.250299453735351562e+00,4.717185974121093750e+00
4.588826179504394531e+00,5.881010532379150391e+00,6.816750526428222656e+00,5.909939289093017578e+00
4.310293674468994141e+00,5.881010532379150391e+00,8.485444068908691406e+00,7.075631618499755859e+00
4.011788845062255859e+00,5.881010532379150391e+00,1.038785457611083984e+01,8.525489807128906250e+00
3.742912054061889648e+00,5.881010532379150391e+00,1.250834846496582031e+01,1.016482830047607422e+01
3.506833076477050781e+00,5.881010532379150391e+00,1.451599597930908203e+01,1.176324272155761719e+01
3.294331073760986328e+00,5.881010532379150391e+00,1.674994659423828125e+01,1.356091880798339844e+01
3.104186058044433594e+00,5.881010532379150391e+00,1.908639526367187500e+01,1.559244060516357422e+01
2.910469293594360352e+00,5.881010532379150391e+00,2.192998695373535156e+01,1.785518455505371094e+01
2.721723318099975586e+00,5.881010532379150391e+00,2.510096931457519531e+01,2.046030807495117188e+01
2.550653934478759766e+00,5.881010532379150391e+00,2.853855705261230469e+01,2.367804527282714844e+01
2.392413616180419922e+00,5.881010532379150391e+00,3.231956100463867188e+01,2.732398605346679688e+01
2.248994827270507812e+00,5.881010532379150391e+00,3.638156890869140625e+01,3.140983581542968750e+01
2.119243860244750977e+00,5.881010532379150391e+00,4.068466186523437500e+01,3.587677001953125000e+01
1.997481346130371094e+00,5.881010532379150391e+00,4.534369277954101562e+01,4.055013656616210938e+01
1.886696457862854004e+00,5.881010532379150391e+00,5.008162689208984375e+01,4.543985748291015625e+01
1.780391693115234375e+00,5.881010532379150391e+00,5.519544219970703125e+01,5.052574539184570312e+01
1.679326653480529785e+00,5.881010532379150391e+00,6.051929855346679688e+01,5.586302947998046875e+01
1.585142612457275391e+00,5.881010532379150391e+00,6.618381500244140625e+01,6.162218475341796875e+01
1.497642397880554199e+00,5.881010532379150391e+00,7.255207824707031250e+01,6.821607971191406250e+01
1.418790578842163086e+00,5.881010532379150391e+00,7.979836273193359375e+01,7.588739776611328125e+01
1.347809433937072754e+00,5.881010532379150391e+00,8.837889862060546875e+01,8.513292694091796875e+01
1.283759713172912598e+00,5.881010532379150391e+00,9.783609771728515625e+01,9.534195709228515625e+01
1.223691463470458984e+00,5.881010532379150391e+00,1.076724319458007812e+02,1.059225616455078125e+02
1.171282172203063965e+00,5.881010532379150391e+00,1.274346618652343750e+02,1.270737609863281250e+02
1.124157667160034180e+00,5.881010532379150391e+00,1.515716400146484375e+02,1.526365051269531250e+02
1.085504770278930664e+00,5.881010532379150391e+00,1.761264495849609375e+02,1.786327972412109375e+02
5.542928218841552734e+00,6.011094570159912109e+00,1.074281930923461914e+00,1.141648054122924805e+00
5.197004318237304688e+00,6.011094570159912109e+00,3.450616836547851562e+00,3.461398363113403320e+00
4.950217723846435547e+00,6.011094570159912109e+00,4.601113319396972656e+00,4.213932991027832031e+00
4.749773025512695312e+00,6.011094570159912109e+00,5.778092384338378906e+00,5.179913997650146484e+00
4.487448215484619141e+00,6.011094570159912109e+00,7.405530929565429688e+00,6.300641059875488281e+00
4.205101966857910156e+00,6.011094570159912109e+00,9.136346817016601562e+00,7.545622825622558594e+00
3.924679994583129883e+00,6.011094570159912109e+00,1.103653430938720703e+01,9.025202751159667969e+00
3.671264410018920898e+00,6.011094570159912109e+00,1.309401607513427734e+01,1.058530044555664062e+01
3.454914093017578125e+00,6.011094570159912109e+00,1.504607295989990234e+01,1.221490383148193359e+01
3.245639324188232422e+00,6.011094570159912109e+00,1.731000518798828125e+01,1.396304798126220703e+01
3.068448305130004883e+00,6.011094570159912109e+00,1.956989860534667969e+01,1.600230789184570312e+01
2.879539012908935547e+00,6.011094570159912109e+00,2.241036987304687500e+01,1.823763656616210938e+01
2.698409318923950195e+00,6.011094570159912109e+00,2.555142593383789062e+01,2.086346817016601562e+01
2.531960487365722656e+00,6.011094570159912109e+00,2.898527908325195312e+01,2.404004859924316406e+01
2.379376411437988281e+00,6.011094570159912109e+00,3.269695663452148438e+01,2.764524078369140625e+01
2.242442607879638672e+00,6.011094570159912109e+00,3.663104629516601562e+01,3.163640785217285156e+01
2.118935585021972656e+00,6.011094570159912109e+00,4.076039123535156250e+01,3.597535705566406250e+01
2.000662565231323242e+00,6.011094570159912109e+00,4.531356048583984375e+01,4.054482269287109375e+01
1.893573999404907227e+00,6.011094570159912109e+00,4.989112854003906250e+01,4.528475952148437500e+01
1.790430903434753418e+00,6.011094570159912109e+00,5.483184814453125000e+01,5.020053863525390625e+01
1.692308902740478516e+00,6.011094570159912109e+00,6.005108261108398438e+01,5.543050003051757812e+01
1.600569486618041992e+00,6.011094570159912109e+00,6.547213745117187500e+01,6.094282913208007812e+01
1.515180230140686035e+00,6.011094570159912109e+00,7.158448791503906250e+01,6.727031707763671875e+01
1.437467336654663086e+00,6.011094570159912109e+00,7.843762969970703125e+01,7.448297882080078125e+01
1.367595672607421875e+00,6.011094570159912109e+00,8.651662445068359375e+01,8.315373229980468750e+01
1.304765939712524414e+00,6.011094570159912109e+00,9.575948333740234375e+01,9.313765716552734375e+01
1.245875358581542969e+00,6.011094570159912109e+00,1.049310379028320312e+02,1.030224151611328125e+02
1.192743062973022461e+00,6.011094570159912109e+00,1.197120513916015625e+02,1.187869491577148438e+02
1.148265361785888672e+00,6.011094570159912109e+00,1.437865600585937500e+02,1.443775329589843750e+02
1.110009670257568359e+00,6.011094570159912109e+00,1.659917755126953125e+02,1.679110107421875000e+02
5.300158977508544922e+00,6.141179561614990234e+00,2.893020391464233398e+00,2.950945377349853516e+00
5.094897270202636719e+00,6.141179561614990234e+00,3.920376539230346680e+00,3.781140089035034180e+00
4.864414215087890625e+00,6.141179561614990234e+00,4.996720790863037109e+00,4.503968238830566406e+00
4.660807609558105469e+00,6.141179561614990234e+00,6.366212844848632812e+00,5.616260051727294922e+00
4.397400856018066406e+00,6.141179561614990234e+00,7.947359085083007812e+00,6.688007354736328125e+00
4.109668254852294922e+00,6.141179561614990234e+00,9.724054336547851562e+00,7.985653400421142578e+00
3.847407341003417969e+00,6.141179561614990234e+00,1.163210964202880859e+01,9.479309082031250000e+00
3.611213684082031250e+00,6.141179561614990234e+00,1.362021732330322266e+01,1.100484943389892578e+01
3.406430006027221680e+00,6.141179561614990234e+00,1.555043601989746094e+01,1.262790203094482422e+01
3.208774805068969727e+00,6.141179561614990234e+00,1.775857925415039062e+01,1.437028026580810547e+01
3.035181522369384766e+00,6.141179561614990234e+00,2.005133438110351562e+01,1.639119529724121094e+01
2.847988605499267578e+00,6.141179561614990234e+00,2.293740272521972656e+01,1.858904457092285156e+01
2.673905849456787109e+00,6.141179561614990234e+00,2.603341484069824219e+01,2.120549964904785156e+01
2.515871047973632812e+00,6.141179561614990234e+00,2.939475440979003906e+01,2.438865852355957031e+01
2.370635747909545898e+00,6.141179561614990234e+00,3.298480987548828125e+01,2.792979049682617188e+01
2.238359689712524414e+00,6.141179561614990234e+00,3.680161666870117188e+01,3.179302787780761719e+01
2.119907140731811523e+00,6.141179561614990234e+00,4.079134750366210938e+01,3.602963638305664062e+01
2.005659580230712891e+00,6.141179561614990234e+00,4.519950103759765625e+01,4.045883941650390625e+01
1.901512622833251953e+00,6.141179561614990234e+00,4.965390014648437500e+01,4.507877349853515625e+01
1.801263332366943359e+00,6.141179561614990234e+00,5.443542861938476562e+01,4.984910964965820312e+01
1.705492973327636719e+00,6.141179561614990234e+00,5.949819946289062500e+01,5.490449523925781250e+01
1.616371393203735352e+00,6.141179561614990234e+00,6.480983734130859375e+01,6.031270599365234375e+01
1.533470153808593750e+00,6.141179561614990234e+00,7.064837646484375000e+01,6.635501861572265625e+01
1.456842184066772461e+00,6.141179561614990234e+00,7.717209625244140625e+01,7.320196533203125000e+01
1.388101339340209961e+00,6.141179561614990234e+00,8.480678558349609375e+01,8.137117767333984375e+01
1.325608253479003906e+00,6.141179561614990234e+00,9.353719329833984375e+01,9.077555847167968750e+01
1.267904639244079590e+00,6.141179561614990234e+00,1.025719375610351562e+02,1.004826278686523438e+02
1.214726209640502930e+00,6.141179561614990234e+00,1.135328826904296875e+02,1.122040328979492188e+02
1.171053528785705566e+00,6.141179561614990234e+00,1.326550445556640625e+02,1.327017822265625000e+02
1.134134173393249512e+00,6.141179561614990234e+00,1.553210754394531250e+02,1.566173095703125000e+02
5.542923450469970703e+00,6.271263599395751953e+00,9.713377356529235840e-01,1.021353006362915039e+00
5.230915546417236328e+00,6.271263599395751953e+00,3.323748588562011719e+00,3.373039484024047852e+00
4.997588157653808594e+00,6.271263599395751953e+00,4.443617343902587891e+00,4.139127731323242188e+00
4.791735649108886719e+00,6.271263599395751953e+00,5.460424423217773438e+00,4.898230552673339844e+00
4.563082218170166016e+00,6.271263599395751953e+00,6.943815708160400391e+00,5.996216297149658203e+00
4.309330940246582031e+00,6.271263599395751953e+00,8.499056816101074219e+00,7.088635921478271484e+00
4.028110980987548828e+00,6.271263599395751953e+00,1.028566169738769531e+01,8.440217971801757812e+00
3.777559518814086914e+00,6.271263599395751953e+00,1.224498367309570312e+01,9.943321228027343750e+00
3.558128356933593750e+00,6.271263599395751953e+00,1.406667995452880859e+01,1.137107086181640625e+01
3.361451148986816406e+00,6.271263599395751953e+00,1.603751945495605469e+01,1.301003742218017578e+01
3.177800893783569336e+00,6.271263599395751953e+00,1.817533683776855469e+01,1.478495216369628906e+01
3.005580902099609375e+00,6.271263599395751953e+00,2.051556968688964844e+01,1.676278114318847656e+01
2.822301864624023438e+00,6.271263599395751953e+00,2.338775634765625000e+01,1.892809295654296875e+01
2.660045385360717773e+00,6.271263599395751953e+00,2.633445358276367188e+01,2.155483055114746094e+01
2.507520675659179688e+00,6.271263599395751953e+00,2.959653854370117188e+01,2.467607879638671875e+01
2.365737915039062500e+00,6.271263599395751953e+00,3.315568923950195312e+01,2.815852165222167969e+01
2.235627651214599609e+00,6.271263599395751953e+00,3.692880249023437500e+01,3.191170501708984375e+01
2.122678518295288086e+00,6.271263599395751953e+00,4.076057434082031250e+01,3.602362060546875000e+01
2.011434555053710938e+00,6.271263599395751953e+00,4.504574203491210938e+01,4.033376312255859375e+01
1.910081267356872559e+00,6.271263599395751953e+00,4.938248443603515625e+01,4.483016204833984375e+01
1.812645673751831055e+00,6.271263599395751953e+00,5.400488662719726562e+01,4.946369171142578125e+01
1.719941139221191406e+00,6.271263599395751953e+00,5.888969421386718750e+01,5.433283615112304688e+01
1.632370233535766602e+00,6.271263599395751953e+00,6.405496215820312500e+01,5.956195831298828125e+01
1.551407694816589355e+00,6.271263599395751953e+00,6.969165039062500000e+01,6.539653015136718750e+01
1.476230382919311523e+00,6.271263599395751953e+00,7.595029449462890625e+01,7.194189453125000000e+01
1.408122777938842773e+00,6.271263599395751953e+00,8.309267425537109375e+01,7.954835510253906250e+01
1.346621990203857422e+00,6.271263599395751953e+00,9.144347381591796875e+01,8.852847290039062500e+01
1.290233492851257324e+00,6.271263599395751953e+00,1.002183761596679688e+02,9.795715332031250000e+01
1.237851858139038086e+00,6.271263599395751953e+00,1.093824539184570312e+02,1.077987213134765625e+02
1.194786667823791504e+00,6.271263599395751953e+00,1.279454956054687500e+02,1.275594253540039062e+02
1.158123850822448730e+00,6.271263599395751953e+00,1.476581878662109375e+02,1.484948272705078125e+02
5.328647613525390625e+00,6.401336193084716797e+00,2.781731605529785156e+00,2.863368034362792969e+00
5.135124683380126953e+00,6.401336193084716797e+00,3.811818361282348633e+00,3.728830814361572266e+00
4.903637886047363281e+00,6.401336193084716797e+00,4.847187042236328125e+00,4.381528377532958984e+00
4.719114780426025391e+00,6.401336193084716797e+00,6.024705410003662109e+00,5.371468544006347656e+00
4.472136497497558594e+00,6.401336193084716797e+00,7.446410655975341797e+00,6.320860862731933594e+00
4.220083236694335938e+00,6.401336193084716797e+00,9.070560455322265625e+00,7.507736206054687500e+00
3.951757431030273438e+00,6.401336193084716797e+00,1.085993862152099609e+01,8.886742591857910156e+00
3.719857692718505859e+00,6.401336193084716797e+00,1.272988605499267578e+01,1.035056686401367188e+01
3.512192249298095703e+00,6.401336193084716797e+00,1.448901176452636719e+01,1.174688243865966797e+01
3.322189331054687500e+00,6.401336193084716797e+00,1.647338867187500000e+01,1.335604953765869141e+01
3.148905277252197266e+00,6.401336193084716797e+00,1.853509140014648438e+01,1.513520050048828125e+01
2.979318141937255859e+00,6.401336193084716797e+00,2.090035057067871094e+01,1.708120918273925781e+01
2.806185722351074219e+00,6.401336193084716797e+00,2.366817665100097656e+01,1.924226951599121094e+01
2.648424148559570312e+00,6.401336193084716797e+00,2.657996368408203125e+01,2.186195182800292969e+01
2.500277519226074219e+00,6.401336193084716797e+00,2.978816986083984375e+01,2.492066764831542969e+01
2.362226963043212891e+00,6.401336193084716797e+00,3.328169250488281250e+01,2.834391975402832031e+01
2.235316753387451172e+00,6.401336193084716797e+00,3.698898315429687500e+01,3.198609352111816406e+01
2.126065015792846680e+00,6.401336193084716797e+00,4.071166229248046875e+01,3.600060272216796875e+01
2.018293857574462891e+00,6.401336193084716797e+00,4.484814834594726562e+01,4.016514968872070312e+01
1.919507741928100586e+00,6.401336193084716797e+00,4.909712982177734375e+01,4.456091308593750000e+01
1.825134873390197754e+00,6.401336193084716797e+00,5.354341506958007812e+01,4.905393600463867188e+01
1.734557390213012695e+00,6.401336193084716797e+00,5.827816009521484375e+01,5.377289581298828125e+01
1.648999214172363281e+00,6.401336193084716797e+00,6.327576065063476562e+01,5.880421829223632812e+01
1.569638252258300781e+00,6.401336193084716797e+00,6.869230651855468750e+01,6.439417266845703125e+01
1.495753884315490723e+00,6.401336193084716797e+00,7.465687561035156250e+01,7.060120391845703125e+01
1.428512573242187500e+00,6.401336193084716797e+00,8.146195220947265625e+01,7.782025146484375000e+01
1.368143320083618164e+00,6.401336193084716797e+00,8.941886138916015625e+01,8.637036895751953125e+01
1.312426686286926270e+00,6.401336193084716797e+00,9.803356933593750000e+01,9.564725494384765625e+01
1.260972499847412109e+00,6.401336193084716797e+00,1.063775329589843750e+02,1.045978775024414062e+02
1.217594504356384277e+00,6.401336193084716797e+00,1.202466964721679688e+02,1.193713302612304688e+02
1.182016849517822266e+00,6.401336193084716797e+00,1.379625396728515625e+02,1.382079925537109375e+02
5.535660743713378906e+00,6.531421184539794922e+00,8.118646740913391113e-01,8.344377279281616211e-01
5.470169544219970703e+00,6.531421184539794922e+00,2.007601022720336914e+00,2.241067171096801758e+00
5.270668983459472656e+00,6.531421184539794922e+00,3.164847373962402344e+00,3.274801015853881836e+00
5.050119400024414062e+00,6.531421184539794922e+00,4.226289272308349609e+00,4.030865669250488281e+00
4.833543300628662109e+00,6.531421184539794922e+00,5.216723442077636719e+00,4.691899299621582031e+00
4.637348175048828125e+00,6.531421184539794922e+00,6.593785762786865234e+00,5.794161319732666016e+00
4.392214298248291016e+00,6.531421184539794922e+00,7.973141193389892578e+00,6.707509040832519531e+00
4.133354663848876953e+00,6.531421184539794922e+00,9.613211631774902344e+00,7.908529281616210938e+00
3.885042667388916016e+00,6.531421184539794922e+00,1.138259124755859375e+01,9.304268836975097656e+00
3.662287473678588867e+00,6.531421184539794922e+00,1.321010589599609375e+01,1.069683551788330078e+01
3.471162796020507812e+00,6.531421184539794922e+00,1.490793800354003906e+01,1.211850929260253906e+01
3.284902095794677734e+00,6.531421184539794922e+00,1.689190101623535156e+01,1.367279052734375000e+01
3.120860338211059570e+00,6.531421184539794922e+00,1.891015052795410156e+01,1.546017551422119141e+01
2.954812049865722656e+00,6.531421184539794922e+00,2.129158401489257812e+01,1.738820457458496094e+01
2.788461208343505859e+00,6.531421184539794922e+00,2.398754692077636719e+01,1.952535820007324219e+01
2.636743545532226562e+00,6.531421184539794922e+00,2.682894134521484375e+01,2.210864830017089844e+01
2.493587493896484375e+00,6.531421184539794922e+00,2.996897315979003906e+01,2.512538337707519531e+01
2.360373735427856445e+00,6.531421184539794922e+00,3.336952590942382812e+01,2.847526741027832031e+01
2.236696243286132812e+00,6.531421184539794922e+00,3.699969863891601562e+01,3.202399826049804688e+01
2.130778789520263672e+00,6.531421184539794922e+00,4.061570739746093750e+01,3.592998886108398438e+01
2.025908231735229492e+00,6.531421184539794922e+00,4.462311172485351562e+01,3.997081375122070312e+01
1.929252982139587402e+00,6.531421184539794922e+00,4.879997634887695312e+01,4.426846694946289062e+01
1.837909579277038574e+00,6.531421184539794922e+00,5.307880020141601562e+01,4.863325881958007812e+01
1.749893426895141602e+00,6.531421184539794922e+00,5.762459945678710938e+01,5.317460250854492188e+01
1.666381597518920898e+00,6.531421184539794922e+00,6.247005844116210938e+01,5.804597473144531250e+01
1.588423252105712891e+00,6.531421184539794922e+00,6.770793914794921875e+01,6.343347167968750000e+01
1.515843391418457031e+00,6.531421184539794922e+00,7.340933227539062500e+01,6.934866333007812500e+01
1.449720144271850586e+00,6.531421184539794922e+00,7.983217620849609375e+01,7.613235473632812500e+01
1.389424800872802734e+00,6.531421184539794922e+00,8.736781311035156250e+01,8.420991516113281250e+01
1.335046887397766113e+00,6.531421184539794922e+00,9.575519561767578125e+01,9.321790313720703125e+01
1.283880710601806641e+00,6.531421184539794922e+00,1.038005142211914062e+02,1.018407974243164062e+02
1.239918708801269531e+00,6.531421184539794922e+00,1.131763687133789062e+02,1.118670806884765625e+02
1.207006454467773438e+00,6.531421184539794922e+00,1.321140289306640625e+02,1.319933471679687500e+02
5.375271320343017578e+00,6.661504745483398438e+00,2.581162929534912109e+00,2.742773294448852539e+00
5.180983066558837891e+00,6.661504745483398438e+00,3.597133398056030273e+00,3.593600511550903320e+00
4.951897144317626953e+00,6.661504745483398438e+00,4.604256629943847656e+00,4.218309879302978516e+00
4.770061016082763672e+00,6.661504745483398438e+00,5.597473621368408203e+00,5.029332160949707031e+00
4.549093723297119141e+00,6.661504745483398438e+00,7.087822437286376953e+00,6.110933780670166016e+00
4.316538810729980469e+00,6.661504745483398438e+00,8.466485977172851562e+00,7.069398880004882812e+00
4.059859752655029297e+00,6.661504745483398438e+00,1.010326385498046875e+01,8.303409576416015625e+00
3.826357841491699219e+00,6.661504745483398438e+00,1.186370944976806641e+01,9.702259063720703125e+00
3.612800598144531250e+00,6.661504745483398438e+00,1.362754631042480469e+01,1.101916790008544922e+01
3.431774616241455078e+00,6.661504745483398438e+00,1.530222129821777344e+01,1.243097114562988281e+01
3.249794960021972656e+00,6.661504745483398438e+00,1.730442428588867188e+01,1.397383308410644531e+01
3.095645904541015625e+00,6.661504745483398438e+00,1.927330589294433594e+01,1.577084159851074219e+01
2.932782173156738281e+00,6.661504745483398438e+00,2.166284179687500000e+01,1.767840385437011719e+01
2.771100997924804688e+00,6.661504745483398438e+00,2.431378555297851562e+01,1.977145957946777344e+01
2.626264572143554688e+00,6.661504745483398438e+00,2.707110214233398438e+01,2.232671928405761719e+01
2.488644123077392578e+00,6.661504745483398438e+00,3.011185646057128906e+01,2.527640533447265625e+01
2.359796047210693359e+00,6.661504745483398438e+00,3.342840194702148438e+01,2.856714248657226562e+01
2.239179372787475586e+00,6.661504745483398438e+00,3.697522354125976562e+01,3.202885818481445312e+01
2.136333465576171875e+00,6.661504745483398438e+00,4.049359512329101562e+01,3.583197784423828125e+01
2.034277439117431641e+00,6.661504745483398438e+00,4.437314987182617188e+01,3.975561141967773438e+01
1.939846038818359375e+00,6.661504745483398438e+00,4.842844772338867188e+01,4.391542434692382812e+01
1.850866436958312988e+00,6.661504745483398438e+00,5.261221313476562500e+01,4.819417953491210938e+01
1.765480756759643555e+00,6.661504745483398438e+00,5.699509048461914062e+01,5.260268783569335938e+01
1.683990478515625000e+00,6.661504745483398438e+00,6.166476440429687500e+01,5.729987335205078125e+01
1.607736349105834961e+00,6.661504745483398438e+00,6.668223571777343750e+01,6.244356918334960938e+01
1.536205768585205078e+00,6.661504745483398438e+00,7.215744018554687500e+01,6.811421966552734375e+01
1.471191883087158203e+00,6.661504745483398438e+00,7.826557159423828125e+01,7.454527282714843750e+01
1.411290884017944336e+00,6.661504745483398438e+00,8.534944915771484375e+01,8.207508087158203125e+01
1.356968879699707031e+00,6.661504745483398438e+00,9.334563446044921875e+01,9.064505004882812500e+01
1.307359933853149414e+00,6.661504745483398438e+00,1.014600448608398438e+02,9.934540557861328125e+01
1.263568520545959473e+00,6.661504745483398438e+00,1.093592376708984375e+02,1.078065795898437500e+02
1.230045557022094727e+00,6.661504745483398438e+00,1.233522949218750000e+02,1.226899337768554688e+02
5.503343582153320312e+00,6.791589736938476562e+00,5.527313351631164551e-01,5.373421907424926758e-01
5.492221832275390625e+00,6.791589736938476562e+00,1.918546557426452637e+00,2.155121326446533203e+00
5.313248634338378906e+00,6.791589736938476562e+00,2.938643932342529297e+00,3.111364841461181641e+00
5.092426300048828125e+00,6.791589736938476562e+00,3.940621852874755859e+00,3.804663181304931641e+00
4.875308513641357422e+00,6.791589736938476562e+00,4.977413177490234375e+00,4.488460540771484375e+00
4.700360298156738281e+00,6.791589736938476562e+00,6.145487308502197266e+00,5.465508937835693359e+00
4.468165874481201172e+00,6.791589736938476562e+00,7.494968891143798828e+00,6.365643978118896484e+00
4.244912147521972656e+00,6.791589736938476562e+00,8.931710243225097656e+00,7.424876213073730469e+00
3.995343685150146484e+00,6.791589736938476562e+00,1.056446647644042969e+01,8.697593688964843750e+00
3.765676021575927734e+00,6.791589736938476562e+00,1.235210514068603516e+01,1.002063083648681641e+01
3.569189548492431641e+00,6.791589736938476562e+00,1.398954772949218750e+01,1.130608081817626953e+01
3.397634983062744141e+00,6.791589736938476562e+00,1.568068599700927734e+01,1.275116443634033203e+01
3.223295927047729492e+00,6.791589736938476562e+00,1.763402748107910156e+01,1.427020835876464844e+01
3.073505878448486328e+00,6.791589736938476562e+00,1.957652854919433594e+01,1.603223037719726562e+01
2.914199352264404297e+00,6.791589736938476562e+00,2.197406005859375000e+01,1.793142318725585938e+01
2.755568027496337891e+00,6.791589736938476562e+00,2.461108016967773438e+01,1.999087715148925781e+01
2.616174936294555664e+00,6.791589736938476562e+00,2.729881477355957031e+01,2.250438880920410156e+01
2.484758377075195312e+00,6.791589736938476562e+00,3.023740959167480469e+01,2.540616607666015625e+01
2.360352754592895508e+00,6.791589736938476562e+00,3.345638656616210938e+01,2.861963272094726562e+01
2.242996692657470703e+00,6.791589736938476562e+00,3.690562057495117188e+01,3.199026489257812500e+01
2.142536163330078125e+00,6.791589736938476562e+00,4.035025024414062500e+01,3.570955657958984375e+01
2.043725013732910156e+00,6.791589736938476562e+00,4.408720779418945312e+01,3.950526809692382812e+01
1.950928449630737305e+00,6.791589736938476562e+00,4.803128433227539062e+01,4.354191207885742188e+01
1.864031076431274414e+00,6.791589736938476562e+00,5.211502075195312500e+01,4.771474456787109375e+01
1.781163334846496582e+00,6.791589736938476562e+00,5.636806869506835938e+01,5.200867843627929688e+01
1.701711297035217285e+00,6.791589736938476562e+00,6.088097763061523438e+01,5.656507873535156250e+01
1.627028584480285645e+00,6.791589736938476562e+00,6.568879699707031250e+01,6.148435974121093750e+01
1.556681632995605469e+00,6.791589736938476562e+00,7.096807861328125000e+01,6.692181396484375000e+01
1.491894483566284180e+00,6.791589736938476562e+00,7.675585937500000000e+01,7.295679473876953125e+01
1.432884931564331055e+00,6.791589736938476562e+00,8.339316558837890625e+01,7.999869537353515625e+01
1.379382848739624023e+00,6.791589736938476562e+00,9.114152526855468750e+01,8.830654907226562500e+01
1.330927848815917969e+00,6.791589736938476562e+00,9.914020538330078125e+01,9.689318084716796875e+01
1.287391185760498047e+00,6.791589736938476562e+00,1.064765701293945312e+02,1.047295379638671875e+02
1.252202510833740234e+00,6.791589736938476562e+00,1.158436508178710938e+02,1.147301254272460938e+02
5.218598365783691406e+00,6.921674251556396484e+00,3.348040580749511719e+00,3.381359100341796875e+00
5.005514144897460938e+00,6.921674251556396484e+00,4.425382614135742188e+00,4.135858058929443359e+00
4.811682701110839844e+00,6.921674251556396484e+00,5.357887744903564453e+00,4.807379722595214844e+00
4.622480392456054688e+00,6.921674251556396484e+00,6.679194450378417969e+00,5.835596084594726562e+00
4.396346569061279297e+00,6.921674251556396484e+00,7.964115142822265625e+00,6.705760478973388672e+00
4.169605731964111328e+00,6.921674251556396484e+00,9.409353256225585938e+00,7.786389350891113281e+00
3.931214809417724609e+00,6.921674251556396484e+00,1.101243019104003906e+01,9.018598556518554688e+00
3.722166061401367188e+00,6.921674251556396484e+00,1.273230648040771484e+01,1.036101818084716797e+01
3.533045291900634766e+00,6.921674251556396484e+00,1.432891464233398438e+01,1.161064720153808594e+01
3.364992618560791016e+00,6.921674251556396484e+00,1.603705787658691406e+01,1.302432632446289062e+01
3.199933052062988281e+00,6.921674251556396484e+00,1.793731880187988281e+01,1.455295085906982422e+01
3.053226947784423828e+00,6.921674251556396484e+00,1.986841964721679688e+01,1.627346992492675781e+01
2.899303913116455078e+00,6.921674251556396484e+00,2.220900535583496094e+01,1.813242149353027344e+01
2.745953559875488281e+00,6.921674251556396484e+00,2.482271003723144531e+01,2.020602226257324219e+01
2.608480453491210938e+00,6.921674251556396484e+00,2.747921371459960938e+01,2.264549064636230469e+01
2.482951402664184570e+00,6.921674251556396484e+00,3.031607627868652344e+01,2.549224662780761719e+01
2.362082958221435547e+00,6.921674251556396484e+00,3.345502090454101562e+01,2.863651657104492188e+01
2.248397827148437500e+00,6.921674251556396484e+00,3.679081344604492188e+01,3.191592597961425781e+01
2.149798870086669922e+00,6.921674251556396484e+00,4.018019485473632812e+01,3.555581665039062500e+01
2.053558349609375000e+00,6.921674251556396484e+00,4.378241348266601562e+01,3.923439025878906250e+01
1.962848901748657227e+00,6.921674251556396484e+00,4.761278915405273438e+01,4.315300750732421875e+01
1.877751111984252930e+00,6.921674251556396484e+00,5.158488845825195312e+01,4.721065902709960938e+01
1.796890497207641602e+00,6.921674251556396484e+00,5.569290924072265625e+01,5.135151672363281250e+01
1.719097256660461426e+00,6.921674251556396484e+00,6.006375503540039062e+01,5.575597381591796875e+01
1.645704984664916992e+00,6.921674251556396484e+00,6.469808959960937500e+01,6.047674179077148438e+01
1.576911926269531250e+00,6.921674251556396484e+00,6.979088592529296875e+01,6.572325134277343750e+01
1.513059377670288086e+00,6.921674251556396484e+00,7.533801269531250000e+01,7.149254608154296875e+01
1.455095291137695312e+00,6.921674251556396484e+00,8.159163665771484375e+01,7.811425781250000000e+01
1.402212619781494141e+00,6.921674251556396484e+00,8.893802642822265625e+01,8.598320007324218750e+01
1.353729724884033203e+00,6.921674251556396484e+00,9.681819915771484375e+01,9.440213775634765625e+01
1.311943173408508301e+00,6.921674251556396484e+00,1.040038223266601562e+02,1.021021575927734375e+02
1.276453256607055664e+00,6.921674251556396484e+00,1.111142272949218750e+02,1.096928253173828125e+02
5.480944633483886719e+00,7.051746368408203125e+00,1.199228316545486450e-01,1.114259883761405945e-01
5.301566123962402344e+00,7.051746368408203125e+00,2.877427577972412109e+00,2.908337116241455078e+00
5.136394023895263672e+00,7.051746368408203125e+00,3.820619106292724609e+00,3.739435434341430664e+00
4.921496868133544922e+00,7.051746368408203125e+00,4.774742126464843750e+00,4.334608078002929688e+00
4.756109237670898438e+00,7.051746368408203125e+00,5.772053718566894531e+00,5.184830188751220703e+00
4.548365116119384766e+00,7.051746368408203125e+00,7.116177082061767578e+00,6.138300418853759766e+00
4.331463813781738281e+00,7.051746368408203125e+00,8.389409065246582031e+00,7.024753093719482422e+00
4.099457740783691406e+00,7.051746368408203125e+00,9.821393966674804688e+00,8.085859298706054688e+00
3.875434398651123047e+00,7.051746368408203125e+00,1.147221755981445312e+01,9.377171516418457031e+00
3.674407958984375000e+00,7.051746368408203125e+00,1.311529922485351562e+01,1.062600135803222656e+01
3.501359939575195312e+00,7.051746368408203125e+00,1.463790988922119141e+01,1.189774322509765625e+01
3.336124897003173828e+00,7.051746368408203125e+00,1.636381149291992188e+01,1.328298473358154297e+01
3.181107521057128906e+00,7.051746368408203125e+00,1.819962692260742188e+01,1.482569313049316406e+01
3.034770011901855469e+00,7.051746368408203125e+00,2.015974426269531250e+01,1.650852394104003906e+01
2.884534835815429688e+00,7.051746368408203125e+00,2.245215988159179688e+01,1.831974029541015625e+01
2.739488124847412109e+00,7.051746368408203125e+00,2.495305061340332031e+01,2.038246154785156250e+01
2.604393720626831055e+00,7.051746368408203125e+00,2.760836601257324219e+01,2.278818702697753906e+01
2.482175111770629883e+00,7.051746368408203125e+00,3.036757087707519531e+01,2.555298042297363281e+01
2.364875793457031250e+00,7.051746368408203125e+00,3.342551803588867188e+01,2.861891365051269531e+01
2.254788160324096680e+00,7.051746368408203125e+00,3.665091323852539062e+01,3.182839012145996094e+01
2.157479763031005859e+00,7.051746368408203125e+00,4.000125885009765625e+01,3.538642501831054688e+01
2.064119577407836914e+00,7.051746368408203125e+00,4.346656036376953125e+01,3.895375442504882812e+01
1.975297927856445312e+00,7.051746368408203125e+00,4.718054962158203125e+01,4.275716018676757812e+01
1.891956090927124023e+00,7.051746368408203125e+00,5.103839111328125000e+01,4.669710922241210938e+01
1.812876462936401367e+00,7.051746368408203125e+00,5.501568222045898438e+01,5.070579910278320312e+01
1.736820936203002930e+00,7.051746368408203125e+00,5.923575210571289062e+01,5.495482635498046875e+01
1.664865612983703613e+00,7.051746368408203125e+00,6.372765731811523438e+01,5.952008056640625000e+01
1.597452163696289062e+00,7.051746368408203125e+00,6.861045074462890625e+01,6.455645751953125000e+01
1.534671306610107422e+00,7.051746368408203125e+00,7.393496704101562500e+01,7.008975219726562500e+01
1.477401018142700195e+00,7.051746368408203125e+00,7.984058380126953125e+01,7.632170104980468750e+01
1.424921393394470215e+00,7.051746368408203125e+00,8.667159271240234375e+01,8.357572937011718750e+01
1.376859903335571289e+00,7.051746368408203125e+00,9.431031799316406250e+01,9.174348449707031250e+01
1.336140394210815430e+00,7.051746368408203125e+00,1.016245651245117188e+02,9.957813262939453125e+01
1.301203250885009766e+00,7.051746368408203125e+00,1.080730438232421875e+02,1.064565353393554688e+02
5.265697479248046875e+00,7.181830883026123047e+00,3.202378749847412109e+00,3.302181243896484375e+00
5.063118457794189453e+00,7.181830883026123047e+00,4.174730300903320312e+00,4.000506877899169922e+00
4.859124660491943359e+00,7.181830883026123047e+00,5.064746856689453125e+00,4.570379257202148438e+00
4.690959930419921875e+00,7.181830883026123047e+00,6.180806636810302734e+00,5.488482952117919922e+00
4.474965095520019531e+00,7.181830883026123047e+00,7.458224296569824219e+00,6.340183258056640625e+00
4.269895553588867188e+00,7.181830883026123047e+00,8.766792297363281250e+00,7.308953762054443359e+00
4.038721084594726562e+00,7.181830883026123047e+00,1.024661540985107422e+01,8.420900344848632812e+00
3.829606533050537109e+00,7.181830883026123047e+00,1.185994434356689453e+01,9.712058067321777344e+00
3.636593818664550781e+00,7.181830883026123047e+00,1.346524620056152344e+01,1.092196083068847656e+01
3.471001863479614258e+00,7.181830883026123047e+00,1.494664001464843750e+01,1.216204452514648438e+01
3.310914039611816406e+00,7.181830883026123047e+00,1.665131187438964844e+01,1.351905059814453125e+01
3.163830280303955078e+00,7.181830883026123047e+00,1.843049621582031250e+01,1.506250476837158203e+01
3.019217729568481445e+00,7.181830883026123047e+00,2.041082572937011719e+01,1.671321487426757812e+01
2.871429443359375000e+00,7.181830883026123047e+00,2.268237686157226562e+01,1.848548698425292969e+01
2.733907222747802734e+00,7.181830883026123047e+00,2.507206153869628906e+01,2.052599525451660156e+01
2.602104187011718750e+00,7.181830883026123047e+00,2.769526481628417969e+01,2.289179611206054688e+01
2.483051538467407227e+00,7.181830883026123047e+00,3.038144493103027344e+01,2.558224296569824219e+01
2.368444919586181641e+00,7.181830883026123047e+00,3.337585449218750000e+01,2.857569694519042969e+01
2.262342453002929688e+00,7.181830883026123047e+00,3.647919464111328125e+01,3.171282958984375000e+01
2.166077375411987305e+00,7.181830883026123047e+00,3.976314544677734375e+01,3.516498565673828125e+01
2.074777364730834961e+00,7.181830883026123047e+00,4.315393447875976562e+01,3.866641998291015625e+01
1.988284349441528320e+00,7.181830883026123047e+00,4.673340606689453125e+01,4.234483718872070312e+01
1.906481981277465820e+00,7.181830883026123047e+00,5.049736404418945312e+01,4.619978332519531250e+01
1.829131960868835449e+00,7.181830883026123047e+00,5.435256195068359375e+01,5.008804321289062500e+01
1.754891633987426758e+00,7.181830883026123047e+00,5.842403793334960938e+01,5.418964767456054688e+01
1.684520840644836426e+00,7.181830883026123047e+00,6.275943374633789062e+01,5.859318161010742188e+01
1.618516802787780762e+00,7.181830883026123047e+00,6.746203613281250000e+01,6.345042037963867188e+01
1.556323051452636719e+00,7.181830883026123047e+00,7.253346252441406250e+01,6.869702148437500000e+01
1.499197244644165039e+00,7.181830883026123047e+00,7.812220001220703125e+01,7.453054046630859375e+01
1.447197675704956055e+00,7.181830883026123047e+00,8.454307556152343750e+01,8.133292388916015625e+01
1.400449991226196289e+00,7.181830883026123047e+00,9.195072174072265625e+01,8.926183319091796875e+01
1.359596967697143555e+00,7.181830883026123047e+00,9.934940338134765625e+01,9.714359283447265625e+01
1.325162529945373535e+00,7.181830883026123047e+00,1.056790161132812500e+02,1.039265823364257812e+02
5.361892223358154297e+00,7.311902999877929688e+00,2.662445783615112305e+00,2.803331613540649414e+00
5.189755916595458984e+00,7.311902999877929688e+00,3.556184053421020508e+00,3.565897941589355469e+00
4.977527141571044922e+00,7.311902999877929688e+00,4.493588924407958984e+00,4.153753280639648438e+00
4.799818515777587891e+00,7.311902999877929688e+00,5.441438674926757812e+00,4.884297847747802734e+00
4.621655941009521484e+00,7.311902999877929688e+00,6.697379589080810547e+00,5.848319530487060547e+00
4.411294460296630859e+00,7.311902999877929688e+00,7.907310009002685547e+00,6.671730041503906250e+00
4.206064224243164062e+00,7.311902999877929688e+00,9.148990631103515625e+00,7.563752174377441406e+00
3.986002445220947266e+00,7.311902999877929688e+00,1.064684295654296875e+01,8.753541946411132812e+00
3.779872179031372070e+00,7.311902999877929688e+00,1.226484870910644531e+01,9.976882934570312500e+00
3.597694635391235352e+00,7.311902999877929688e+00,1.376136112213134766e+01,1.112042427062988281e+01
3.442518711090087891e+00,7.311902999877929688e+00,1.523669910430908203e+01,1.239445018768310547e+01
3.286599159240722656e+00,7.311902999877929688e+00,1.693198013305664062e+01,1.372341156005859375e+01
3.147560834884643555e+00,7.311902999877929688e+00,1.863989257812500000e+01,1.525729370117187500e+01
3.005494594573974609e+00,7.311902999877929688e+00,2.064023590087890625e+01,1.690525817871093750e+01
2.859723091125488281e+00,7.311902999877929688e+00,2.288884735107421875e+01,1.862338829040527344e+01
2.729117155075073242e+00,7.311902999877929688e+00,2.517891120910644531e+01,2.064227104187011719e+01
2.601149082183837891e+00,7.311902999877929688e+00,2.775015258789062500e+01,2.296546363830566406e+01
2.485589027404785156e+00,7.311902999877929688e+00,3.035782241821289062e+01,2.558089065551757812e+01
2.373214721679687500e+00,7.311902999877929688e+00,3.330081939697265625e+01,2.849802970886230469e+01
2.270801544189453125e+00,7.311902999877929688e+00,3.628085327148437500e+01,3.157071113586425781e+01
2.175606727600097656e+00,7.311902999877929688e+00,3.948969268798828125e+01,3.490770721435546875e+01
2.086002349853515625e+00,7.311902999877929688e+00,4.283708953857421875e+01,3.836099243164062500e+01
2.001501321792602539e+00,7.311902999877929688e+00,4.629450225830078125e+01,4.193904876708984375e+01
1.921571493148803711e+00,7.311902999877929688e+00,4.993867874145507812e+01,4.568265533447265625e+01
1.845715999603271484e+00,7.311902999877929688e+00,5.368551254272460938e+01,4.947323608398437500e+01
1.773617744445800781e+00,7.311902999877929688e+00,5.761076354980468750e+01,5.343710708618164062e+01
1.704499840736389160e+00,7.311902999877929688e+00,6.180015945434570312e+01,5.769474411010742188e+01
1.639161348342895508e+00,7.311902999877929688e+00,6.629058837890625000e+01,6.229082870483398438e+01
1.577507495880126953e+00,7.311902999877929688e+00,7.117052459716796875e+01,6.730366516113281250e+01
1.520999193191528320e+00,7.311902999877929688e+00,7.655638122558593750e+01,7.290519714355468750e+01
1.469828128814697266e+00,7.311902999877929688e+00,8.263792419433593750e+01,7.934449005126953125e+01
1.423382639884948730e+00,7.311902999877929688e+00,8.961100006103515625e+01,8.675679016113281250e+01
1.383112907409667969e+00,7.311902999877929688e+00,9.686512756347656250e+01,9.450353240966796875e+01
1.348284006118774414e+00,7.311902999877929688e+00,1.035937957763671875e+02,1.016973953247070312e+02
5.544428825378417969e+00,7.442012310028076172e+00,9.830151200294494629e-01,1.033288002014160156e+00
5.482052803039550781e+00,7.442012310028076172e+00,1.982993125915527344e+00,2.223030567169189453e+00
5.317407608032226562e+00,7.442012310028076172e+00,2.938560485839843750e+00,3.119296073913574219e+00
5.109641075134277344e+00,7.442012310028076172e+00,3.910674571990966797e+00,3.790360689163208008e+00
4.903067111968994141e+00,7.442012310028076172e+00,4.870084285736083984e+00,4.397907733917236328e+00
4.749261379241943359e+00,7.442012310028076172e+00,5.873884677886962891e+00,5.277580738067626953e+00
4.555770397186279297e+00,7.442012310028076172e+00,7.075923442840576172e+00,6.112144470214843750e+00
4.357143878936767578e+00,7.442012310028076172e+00,8.248998641967773438e+00,6.949561595916748047e+00
4.145405769348144531e+00,7.442012310028076172e+00,9.564807891845703125e+00,7.882306575775146484e+00
3.934439182281494141e+00,7.442012310028076172e+00,1.100763320922851562e+01,9.022832870483398438e+00
3.745453834533691406e+00,7.442012310028076172e+00,1.256894779205322266e+01,1.026177597045898438e+01
3.568487405776977539e+00,7.442012310028076172e+00,1.403350925445556641e+01,1.136364555358886719e+01
3.418054342269897461e+00,7.442012310028076172e+00,1.551446914672851562e+01,1.263230228424072266e+01
3.263992786407470703e+00,7.442012310028076172e+00,1.718887901306152344e+01,1.390856647491455078e+01
3.132179260253906250e+00,7.442012310028076172e+00,1.885692787170410156e+01,1.544565773010253906e+01
2.993962764739990234e+00,7.442012310028076172e+00,2.081782722473144531e+01,1.705912208557128906e+01
2.850134849548339844e+00,7.442012310028076172e+00,2.306261444091796875e+01,1.874027061462402344e+01
2.725626468658447266e+00,7.442012310028076172e+00,2.526463317871093750e+01,2.073255538940429688e+01
2.601509332656860352e+00,7.442012310028076172e+00,2.777481079101562500e+01,2.301090049743652344e+01
2.489297151565551758e+00,7.442012310028076172e+00,3.030620002746582031e+01,2.555545043945312500e+01
2.378448963165283203e+00,7.442012310028076172e+00,3.321410751342773438e+01,2.840472221374511719e+01
2.279990673065185547e+00,7.442012310028076172e+00,3.606573486328125000e+01,3.141056632995605469e+01
2.185640096664428711e+00,7.442012310028076172e+00,3.920124435424804688e+01,3.463287734985351562e+01
2.098002433776855469e+00,7.442012310028076172e+00,4.245306777954101562e+01,3.799642562866210938e+01
2.015175819396972656e+00,7.442012310028076172e+00,4.584420394897460938e+01,4.150436401367187500e+01
1.936781764030456543e+00,7.442012310028076172e+00,4.939920043945312500e+01,4.517528915405273438e+01
1.862595677375793457e+00,7.442012310028076172e+00,5.302751159667968750e+01,4.886510467529296875e+01
1.791753649711608887e+00,7.442012310028076172e+00,5.680259704589843750e+01,5.267182159423828125e+01
1.723670482635498047e+00,7.442012310028076172e+00,6.082654190063476562e+01,5.673348999023437500e+01
1.659412622451782227e+00,7.442012310028076172e+00,6.513994598388671875e+01,6.113183593750000000e+01
1.599197149276733398e+00,7.442012310028076172e+00,6.986927795410156250e+01,6.599121093750000000e+01
1.543469905853271484e+00,7.442012310028076172e+00,7.503110504150390625e+01,7.136299896240234375e+01
1.492243528366088867e+00,7.442012310028076172e+00,8.074148559570312500e+01,7.736893463134765625e+01
1.446433782577514648e+00,7.442012310028076172e+00,8.725629425048828125e+01,8.428236389160156250e+01
1.407091736793518066e+00,7.442012310028076172e+00,9.429611968994140625e+01,9.181217956542968750e+01
1.372248888015747070e+00,7.442012310028076172e+00,1.012080459594726562e+02,9.915312957763671875e+01
5.234434127807617188e+00,7.572072505950927734e+00,3.330965280532836914e+00,3.384856700897216797e+00
5.042284011840820312e+00,7.572072505950927734e+00,4.285424232482910156e+00,4.072002887725830078e+00
4.849956035614013672e+00,7.572072505950927734e+00,5.141081333160400391e+00,4.636410713195800781e+00
4.689159393310546875e+00,7.572072505950927734e+00,6.185518741607666016e+00,5.492790222167968750e+00
4.489599227905273438e+00,7.572072505950927734e+00,7.420942783355712891e+00,6.321291923522949219e+00
4.296134948730468750e+00,7.572072505950927734e+00,8.575565338134765625e+00,7.146354675292968750e+00
4.094402313232421875e+00,7.572072505950927734e+00,9.892001152038574219e+00,8.165703773498535156e+00
3.889905214309692383e+00,7.572072505950927734e+00,1.138157176971435547e+01,9.319560050964355469e+00
3.706859588623046875e+00,7.572072505950927734e+00,1.288497638702392578e+01,1.047799110412597656e+01
3.541634321212768555e+00,7.572072505950927734e+00,1.428625679016113281e+01,1.158430385589599609e+01
3.395590543746948242e+00,7.572072505950927734e+00,1.575773334503173828e+01,1.283176803588867188e+01
3.245297670364379883e+00,7.572072505950927734e+00,1.745403671264648438e+01,1.411888313293457031e+01
3.118559837341308594e+00,7.572072505950927734e+00,1.906022071838378906e+01,1.562359428405761719e+01
2.983876943588256836e+00,7.572072505950927734e+00,2.098431015014648438e+01,1.720003700256347656e+01
2.844179391860961914e+00,7.572072505950927734e+00,2.319476318359375000e+01,1.886116409301757812e+01
2.723699569702148438e+00,7.572072505950927734e+00,2.532810401916503906e+01,2.080475425720214844e+01
2.603247642517089844e+00,7.572072505950927734e+00,2.776838874816894531e+01,2.302687835693359375e+01
2.494272232055664062e+00,7.572072505950927734e+00,3.022703361511230469e+01,2.550548934936523438e+01
2.385545253753662109e+00,7.572072505950927734e+00,3.305163955688476562e+01,2.826568603515625000e+01
2.290136814117431641e+00,7.572072505950927734e+00,3.582516479492187500e+01,3.122266769409179688e+01
2.196375131607055664e+00,7.572072505950927734e+00,3.889916992187500000e+01,3.434383773803710938e+01
2.110605955123901367e+00,7.572072505950927734e+00,4.205133438110351562e+01,3.761745834350585938e+01
2.029065608978271484e+00,7.572072505950927734e+00,4.535096359252929688e+01,4.102423095703125000e+01
1.952023625373840332e+00,7.572072505950927734e+00,4.880178833007812500e+01,4.459350585937500000e+01
1.879158020019531250e+00,7.572072505950927734e+00,5.232868194580078125e+01,4.818962478637695312e+01
1.809825658798217773e+00,7.572072505950927734e+00,5.598640060424804688e+01,5.187850952148437500e+01
1.743168830871582031e+00,7.572072505950927734e+00,5.988475799560546875e+01,5.581169509887695312e+01
1.679942250251770020e+00,7.572072505950927734e+00,6.404473114013671875e+01,6.005204772949218750e+01
1.621267795562744141e+00,7.572072505950927734e+00,6.857027435302734375e+01,6.472564697265625000e+01
1.565747141838073730e+00,7.572072505950927734e+00,7.346010589599609375e+01,6.978533172607421875e+01
1.515130162239074707e+00,7.572072505950927734e+00,7.884593963623046875e+01,7.541126251220703125e+01
1.469655156135559082e+00,7.572072505950927734e+00,8.499082946777343750e+01,8.191695404052734375e+01
1.430084586143493652e+00,7.572072505950927734e+00,9.189573669433593750e+01,8.923355102539062500e+01
1.396146774291992188e+00,7.572072505950927734e+00,9.872628784179687500e+01,9.652003479003906250e+01
5.526000499725341797e+00,7.702157020568847656e+00,6.402406096458435059e-01,6.412916779518127441e-01
5.311115264892578125e+00,7.702157020568847656e+00,2.856407403945922852e+00,2.896882534027099609e+00
5.167886734008789062e+00,7.702157020568847656e+00,3.705838918685913086e+00,3.682085037231445312e+00
4.962796688079833984e+00,7.702157020568847656e+00,4.570469379425048828e+00,4.200109004974365234e+00
4.796647548675537109e+00,7.702157020568847656e+00,5.467023849487304688e+00,4.909359931945800781e+00
4.627676963806152344e+00,7.702157020568847656e+00,6.683147907257080078e+00,5.846423625946044922e+00
4.434597969055175781e+00,7.702157020568847656e+00,7.792976856231689453e+00,6.602951049804687500e+00
4.246531009674072266e+00,7.702157020568847656e+00,8.951772689819335938e+00,7.446805000305175781e+00
4.043130397796630859e+00,7.702157020568847656e+00,1.023460197448730469e+01,8.418944358825683594e+00
3.850615024566650391e+00,7.702157020568847656e+00,1.168409538269042969e+01,9.559168815612792969e+00
3.674006462097167969e+00,7.702157020568847656e+00,1.316961002349853516e+01,1.069119167327880859e+01
3.518327236175537109e+00,7.702157020568847656e+00,1.449709320068359375e+01,1.177954292297363281e+01
3.374319076538085938e+00,7.702157020568847656e+00,1.599449157714843750e+01,1.301395988464355469e+01
3.230528593063354492e+00,7.702157020568847656e+00,1.763807106018066406e+01,1.429407787322998047e+01
3.107013702392578125e+00,7.702157020568847656e+00,1.923606681823730469e+01,1.577806949615478516e+01
2.975277185440063477e+00,7.702157020568847656e+00,2.113475036621093750e+01,1.732368469238281250e+01
2.839913606643676758e+00,7.702157020568847656e+00,2.329827308654785156e+01,1.896292114257812500e+01
2.722848892211914062e+00,7.702157020568847656e+00,2.537117385864257812e+01,2.085726737976074219e+01
2.606096744537353516e+00,7.702157020568847656e+00,2.773721313476562500e+01,2.301930236816406250e+01
2.499849557876586914e+00,7.702157020568847656e+00,3.013356971740722656e+01,2.544014167785644531e+01
2.393719196319580078e+00,7.702157020568847656e+00,3.286152648925781250e+01,2.809993553161621094e+01
2.300988197326660156e+00,7.702157020568847656e+00,3.557900619506835938e+01,3.102070045471191406e+01
2.207829475402832031e+00,7.702157020568847656e+00,3.857899093627929688e+01,3.403255462646484375e+01
2.123859882354736328e+00,7.702157020568847656e+00,4.164008331298828125e+01,3.723552322387695312e+01
2.043543815612792969e+00,7.702157020568847656e+00,4.485469436645507812e+01,4.054705047607421875e+01
1.967737913131713867e+00,7.702157020568847656e+00,4.820635986328125000e+01,4.401238632202148438e+01
1.895973682403564453e+00,7.702157020568847656e+00,5.165318679809570312e+01,4.753691864013671875e+01
1.828067064285278320e+00,7.702157020568847656e+00,5.519810485839843750e+01,5.112017440795898438e+01
1.762763142585754395e+00,7.702157020568847656e+00,5.896260833740234375e+01,5.492934417724609375e+01
1.700964093208312988e+00,7.702157020568847656e+00,6.297323226928710938e+01,5.902642440795898438e+01
1.642917156219482422e+00,7.702157020568847656e+00,6.727635192871093750e+01,6.344842147827148438e+01
1.588062763214111328e+00,7.702157020568847656e+00,7.192630767822265625e+01,6.822229766845703125e+01
1.537735223770141602e+00,7.702157020568847656e+00,7.710846710205078125e+01,7.361541748046875000e+01
1.492487192153930664e+00,7.702157020568847656e+00,8.293810272216796875e+01,7.974872589111328125e+01
1.453732490539550781e+00,7.702157020568847656e+00,8.941780090332031250e+01,8.661563110351562500e+01
1.419794797897338867e+00,7.702157020568847656e+00,9.618260192871093750e+01,9.382719421386718750e+01
5.292577743530273438e+00,7.832241535186767578e+00,3.099055290222167969e+00,3.245645046234130859e+00
5.097729682922363281e+00,7.832241535186767578e+00,3.945834159851074219e+00,3.816470146179199219e+00
4.898004055023193359e+00,7.832241535186767578e+00,4.905891895294189453e+00,4.429316043853759766e+00
4.751434326171875000e+00,7.832241535186767578e+00,5.881194114685058594e+00,5.289924144744873047e+00
4.571142196655273438e+00,7.832241535186767578e+00,6.964749336242675781e+00,6.031653881072998047e+00
4.381759166717529297e+00,7.832241535186767578e+00,8.050660133361816406e+00,6.779853343963623047e+00
4.194908142089843750e+00,7.832241535186767578e+00,9.231705665588378906e+00,7.634703636169433594e+00
4.003648757934570312e+00,7.832241535186767578e+00,1.054109668731689453e+01,8.699080467224121094e+00
3.816735506057739258e+00,7.832241535186767578e+00,1.199431037902832031e+01,9.813027381896972656e+00
3.648211956024169922e+00,7.832241535186767578e+00,1.341065883636474609e+01,1.090263843536376953e+01
3.498643398284912109e+00,7.832241535186767578e+00,1.472179031372070312e+01,1.199820041656494141e+01
3.355707168579101562e+00,7.832241535186767578e+00,1.619179725646972656e+01,1.316619777679443359e+01
3.217029571533203125e+00,7.832241535186767578e+00,1.781569099426269531e+01,1.445272254943847656e+01
3.097099304199218750e+00,7.832241535186767578e+00,1.939478492736816406e+01,1.592021369934082031e+01
2.968114376068115234e+00,7.832241535186767578e+00,2.127114105224609375e+01,1.743846130371093750e+01
2.837137937545776367e+00,7.832241535186767578e+00,2.337552452087402344e+01,1.904572486877441406e+01
2.723072767257690430e+00,7.832241535186767578e+00,2.539448165893554688e+01,2.089243888854980469e+01
2.609682083129882812e+00,7.832241535186767578e+00,2.768987846374511719e+01,2.299664688110351562e+01
2.506542205810546875e+00,7.832241535186767578e+00,3.001631546020507812e+01,2.534948158264160156e+01
2.402555465698242188e+00,7.832241535186767578e+00,3.265431213378906250e+01,2.791613006591796875e+01
2.311875820159912109e+00,7.832241535186767578e+00,3.534167480468750000e+01,3.081131362915039062e+01
2.219643831253051758e+00,7.832241535186767578e+00,3.825331497192382812e+01,3.370632171630859375e+01
2.138006925582885742e+00,7.832241535186767578e+00,4.120981979370117188e+01,3.684125900268554688e+01
2.058760166168212891e+00,7.832241535186767578e+00,4.434387207031250000e+01,4.006516647338867188e+01
1.983919858932495117e+00,7.832241535186767578e+00,4.761036300659179688e+01,4.344215011596679688e+01
1.913341641426086426e+00,7.832241535186767578e+00,5.097813796997070312e+01,4.689682006835937500e+01
1.846735954284667969e+00,7.832241535186767578e+00,5.442226409912109375e+01,5.039044952392578125e+01
1.782938718795776367e+00,7.832241535186767578e+00,5.806144332885742188e+01,5.408818435668945312e+01
1.721738457679748535e+00,7.832241535186767578e+00,6.189369201660156250e+01,5.797114181518554688e+01
1.664299249649047852e+00,7.832241535186767578e+00,6.601016998291015625e+01,6.217837905883789062e+01
1.610447049140930176e+00,7.832241535186767578e+00,7.050709533691406250e+01,6.679075622558593750e+01
1.560840368270874023e+00,7.832241535186767578e+00,7.546488952636718750e+01,7.194170379638671875e+01
1.515485048294067383e+00,7.832241535186767578e+00,8.088095855712890625e+01,7.761160278320312500e+01
1.477442026138305664e+00,7.832241535186767578e+00,8.696559143066406250e+01,8.407987213134765625e+01
1.443057417869567871e+00,7.832241535186767578e+00,9.368399810791015625e+01,9.116231536865234375e+01
5.496877193450927734e+00,7.962326049804687500e+00,9.870488196611404419e-02,9.277093410491943359e-02
5.382781982421875000e+00,7.962326049804687500e+00,2.578747034072875977e+00,2.751052379608154297e+00
5.220623970031738281e+00,7.962326049804687500e+00,3.367224454879760742e+00,3.410139799118041992e+00
5.032200336456298828e+00,7.962326049804687500e+00,4.338797569274902344e+00,4.098959445953369141e+00
4.850192070007324219e+00,7.962326049804687500e+00,5.154720306396484375e+00,4.649502754211425781e+00
4.695995807647705078e+00,7.962326049804687500e+00,6.180257797241210938e+00,5.494321823120117188e+00
4.512509346008300781e+00,7.962326049804687500e+00,7.349494934082031250e+00,6.288020610809326172e+00
4.332461833953857422e+00,7.962326049804687500e+00,8.417558670043945312e+00,7.052355289459228516e+00
4.148627758026123047e+00,7.962326049804687500e+00,9.562911033630371094e+00,7.887602329254150391e+00
3.959846019744873047e+00,7.962326049804687500e+00,1.084889030456542969e+01,8.902603149414062500e+00
3.781857967376708984e+00,7.962326049804687500e+00,1.227675724029541016e+01,9.999732017517089844e+00
3.620872735977172852e+00,7.962326049804687500e+00,1.362822628021240234e+01,1.104976558685302734e+01
3.479404449462890625e+00,7.962326049804687500e+00,1.491935634613037109e+01,1.216187000274658203e+01
3.340491294860839844e+00,7.962326049804687500e+00,1.639532852172851562e+01,1.333840942382812500e+01
3.206875801086425781e+00,7.962326049804687500e+00,1.796591567993164062e+01,1.460921001434326172e+01
3.088790893554687500e+00,7.962326049804687500e+00,1.952460861206054688e+01,1.603835487365722656e+01
2.962694644927978516e+00,7.962326049804687500e+00,2.137970161437988281e+01,1.753227233886718750e+01
2.835446357727050781e+00,7.962326049804687500e+00,2.343327331542968750e+01,1.911283493041992188e+01
2.724375963211059570e+00,7.962326049804687500e+00,2.539883422851562500e+01,2.091201782226562500e+01
2.614404678344726562e+00,7.962326049804687500e+00,2.761825561523437500e+01,2.295128631591796875e+01
2.513793706893920898e+00,7.962326049804687500e+00,2.988985633850097656e+01,2.524516868591308594e+01
2.412068367004394531e+00,7.962326049804687500e+00,3.243507766723632812e+01,2.772086334228515625e+01
2.323217391967773438e+00,7.962326049804687500e+00,3.504977416992187500e+01,3.053588485717773438e+01
2.231817245483398438e+00,7.962326049804687500e+00,3.793562698364257812e+01,3.337418365478515625e+01
2.152677774429321289e+00,7.962326049804687500e+00,4.076964950561523438e+01,3.643571090698242188e+01
2.074749708175659180e+00,7.962326049804687500e+00,4.382171249389648438e+01,3.958030319213867188e+01
2.001087188720703125e+00,7.962326049804687500e+00,4.700226211547851562e+01,4.287178802490234375e+01
1.931405067443847656e+00,7.962326049804687500e+00,5.030365371704101562e+01,4.626918792724609375e+01
1.865814089775085449e+00,7.962326049804687500e+00,5.365596771240234375e+01,4.968085098266601562e+01
1.802587032318115234e+00,7.962326049804687500e+00,5.713175964355468750e+01,5.318766784667968750e+01
1.742244482040405273e+00,7.962326049804687500e+00,6.083946228027343750e+01,5.693927383422851562e+01
1.685558080673217773e+00,7.962326049804687500e+00,6.481325531005859375e+01,6.099509811401367188e+01
1.633150458335876465e+00,7.962326049804687500e+00,6.913409423828125000e+01,6.545073699951171875e+01
1.583899259567260742e+00,7.962326049804687500e+00,7.374807739257812500e+01,7.020834350585937500e+01
1.539009809494018555e+00,7.962326049804687500e+00,7.885423278808593750e+01,7.554068756103515625e+01
1.500082254409790039e+00,7.962326049804687500e+00,8.465308380126953125e+01,8.161864471435546875e+01
1.466333389282226562e+00,7.962326049804687500e+00,9.111169433593750000e+01,8.844419860839843750e+01
5.547362327575683594e+00,8.092410087585449219e+00,1.043837189674377441e+00,1.104744076728820801e+00
5.491019725799560547e+00,8.092410087585449219e+00,1.958276748657226562e+00,2.201116800308227539e+00
5.323120594024658203e+00,8.092410087585449219e+00,2.856951475143432617e+00,2.987738370895385742e+00
5.156115055084228516e+00,8.092410087585449219e+00,3.766392230987548828e+00,3.718615293502807617e+00
4.962620735168457031e+00,8.092410087585449219e+00,4.583301544189453125e+00,4.210834503173828125e+00
4.801605224609375000e+00,8.092410087585449219e+00,5.454267501831054688e+00,4.899438858032226562e+00
4.642627239227294922e+00,8.092410087585449219e+00,6.626171112060546875e+00,5.827215194702148438e+00
4.463613986968994141e+00,8.092410087585449219e+00,7.620925903320312500e+00,6.490772724151611328e+00
4.287027835845947266e+00,8.092410087585449219e+00,8.666471481323242188e+00,7.232596874237060547e+00
4.107294559478759766e+00,8.092410087585449219e+00,9.807121276855468750e+00,8.091266632080078125e+00
3.928330898284912109e+00,8.092410087585449219e+00,1.110929393768310547e+01,9.142931938171386719e+00
3.758368015289306641e+00,8.092410087585449219e+00,1.249331283569335938e+01,1.021047306060791016e+01
3.597160100936889648e+00,8.092410087585449219e+00,1.381258869171142578e+01,1.118018627166748047e+01
3.461810111999511719e+00,8.092410087585449219e+00,1.510566139221191406e+01,1.231330966949462891e+01
3.327448368072509766e+00,8.092410087585449219e+00,1.655419731140136719e+01,1.347704124450683594e+01
3.198003292083740234e+00,8.092410087585449219e+00,1.809794425964355469e+01,1.474928283691406250e+01
3.081484794616699219e+00,8.092410087585449219e+00,1.963928604125976562e+01,1.614203071594238281e+01
2.958553791046142578e+00,8.092410087585449219e+00,2.146873092651367188e+01,1.761123466491699219e+01
2.835259914398193359e+00,8.092410087585449219e+00,2.346459197998046875e+01,1.915782737731933594e+01
2.727136135101318359e+00,8.092410087585449219e+00,2.537701797485351562e+01,2.090990257263183594e+01
2.619889259338378906e+00,8.092410087585449219e+00,2.752905082702636719e+01,2.288938140869140625e+01
2.521325826644897461e+00,8.092410087585449219e+00,2.976430130004882812e+01,2.513405036926269531e+01
2.423465490341186523e+00,8.092410087585449219e+00,3.219386291503906250e+01,2.753582000732421875e+01
2.334758281707763672e+00,8.092410087585449219e+00,3.475854873657226562e+01,3.025769615173339844e+01
2.245088338851928711e+00,8.092410087585449219e+00,3.755875396728515625e+01,3.300761795043945312e+01
2.167717695236206055e+00,8.092410087585449219e+00,4.033934783935546875e+01,3.603338623046875000e+01
2.090879917144775391e+00,8.092410087585449219e+00,4.330167770385742188e+01,3.909281158447265625e+01
2.018329858779907227e+00,8.092410087585449219e+00,4.639770507812500000e+01,4.230189514160156250e+01
1.949300765991210938e+00,8.092410087585449219e+00,4.959955978393554688e+01,4.560181808471679688e+01
1.884316205978393555e+00,8.092410087585449219e+00,5.283985137939453125e+01,4.889871978759765625e+01
1.822230339050292969e+00,8.092410087585449219e+00,5.622598648071289062e+01,5.232029724121093750e+01
1.763027310371398926e+00,8.092410087585449219e+00,5.982633209228515625e+01,5.596282577514648438e+01
1.707541346549987793e+00,8.092410087585449219e+00,6.365779113769531250e+01,5.988703536987304688e+01
1.655136108398437500e+00,8.092410087585449219e+00,6.773107147216796875e+01,6.404974365234375000e+01
1.606626987457275391e+00,8.092410087585449219e+00,7.212569427490234375e+01,6.856285095214843750e+01
1.562320232391357422e+00,8.092410087585449219e+00,7.702581024169921875e+01,7.365084838867187500e+01
1.523631095886230469e+00,8.092410087585449219e+00,8.241796112060546875e+01,7.927130889892578125e+01
1.489418983459472656e+00,8.092410087585449219e+00,8.859484100341796875e+01,8.583441925048828125e+01
5.276960849761962891e+00,8.222470283508300781e+00,3.183007717132568359e+00,3.299101829528808594e+00
5.095514774322509766e+00,8.222470283508300781e+00,3.972774982452392578e+00,3.841322422027587891e+00
4.903212070465087891e+00,8.222470283508300781e+00,4.891560077667236328e+00,4.418498516082763672e+00
4.761667251586914062e+00,8.222470283508300781e+00,5.812774181365966797e+00,5.235739231109619141e+00
4.588111400604248047e+00,8.222470283508300781e+00,6.853439331054687500e+00,5.949087142944335938e+00
4.413772106170654297e+00,8.222470283508300781e+00,7.927286624908447266e+00,6.700323581695556641e+00
4.244112491607666016e+00,8.222470283508300781e+00,8.988432884216308594e+00,7.475809574127197266e+00
4.068129539489746094e+00,8.222470283508300781e+00,1.009895515441894531e+01,8.319327354431152344e+00
3.894272327423095703e+00,8.222470283508300781e+00,1.137824440002441406e+01,9.330791473388671875e+00
3.733460426330566406e+00,8.222470283508300781e+00,1.270902347564697266e+01,1.037608814239501953e+01
3.579485416412353516e+00,8.222470283508300781e+00,1.398849678039550781e+01,1.134172534942626953e+01
3.446298122406005859e+00,8.222470283508300781e+00,1.525582981109619141e+01,1.243370723724365234e+01
3.314653873443603516e+00,8.222470283508300781e+00,1.670488548278808594e+01,1.359092807769775391e+01
3.190646648406982422e+00,8.222470283508300781e+00,1.821189498901367188e+01,1.487007999420166016e+01
3.075466394424438477e+00,8.222470283508300781e+00,1.974172973632812500e+01,1.623218154907226562e+01
2.955419301986694336e+00,8.222470283508300781e+00,2.154158973693847656e+01,1.767765235900878906e+01
2.835930824279785156e+00,8.222470283508300781e+00,2.347948646545410156e+01,1.919040107727050781e+01
2.730581998825073242e+00,8.222470283508300781e+00,2.534375381469726562e+01,2.089843177795410156e+01
2.626272678375244141e+00,8.222470283508300781e+00,2.742356300354003906e+01,2.281387710571289062e+01
2.529354572296142578e+00,8.222470283508300781e+00,2.963298416137695312e+01,2.500353431701660156e+01
2.435015201568603516e+00,8.222470283508300781e+00,3.195213699340820312e+01,2.733598709106445312e+01
2.347235202789306641e+00,8.222470283508300781e+00,3.444907760620117188e+01,2.996243095397949219e+01
2.259436130523681641e+00,8.222470283508300781e+00,3.714345932006835938e+01,3.262715530395507812e+01
2.183189868927001953e+00,8.222470283508300781e+00,3.984242248535156250e+01,3.556272506713867188e+01
2.107451200485229492e+00,8.222470283508300781e+00,4.272957992553710938e+01,3.854973220825195312e+01
2.035575151443481445e+00,8.222470283508300781e+00,4.573788070678710938e+01,4.166736602783203125e+01
1.967656135559082031e+00,8.222470283508300781e+00,4.886129379272460938e+01,4.489181518554687500e+01
1.903236389160156250e+00,8.222470283508300781e+00,5.204910659790039062e+01,4.814203262329101562e+01
1.842187404632568359e+00,8.222470283508300781e+00,5.535953521728515625e+01,5.149216079711914062e+01
1.784067273139953613e+00,8.222470283508300781e+00,5.885191345214843750e+01,5.504314804077148438e+01
1.728807091712951660e+00,8.222470283508300781e+00,6.249680328369140625e+01,5.873787307739257812e+01
1.677320480346679688e+00,8.222470283508300781e+00,6.639137268066406250e+01,6.271638488769531250e+01
1.629404187202453613e+00,8.222470283508300781e+00,7.064910888671875000e+01,6.708612060546875000e+01
1.585446834564208984e+00,8.222470283508300781e+00,7.527210235595703125e+01,7.184252166748046875e+01
1.547567129135131836e+00,8.222470283508300781e+00,8.022444915771484375e+01,7.705567932128906250e+01
1.512418508529663086e+00,8.222470283508300781e+00,8.601576995849609375e+01,8.308967590332031250e+01
5.529815196990966797e+00,8.352554321289062500e+00,6.324036121368408203e-01,6.345486044883728027e-01
5.363895416259765625e+00,8.352554321289062500e+00,2.684769392013549805e+00,2.828160285949707031e+00
5.216891288757324219e+00,8.352554321289062500e+00,3.404599428176879883e+00,3.445689201354980469e+00
5.036285877227783203e+00,8.352554321289062500e+00,4.333968639373779297e+00,4.100804328918457031e+00
4.860484123229980469e+00,8.352554321289062500e+00,5.100924968719482422e+00,4.608188152313232422e+00
4.712512969970703125e+00,8.352554321289062500e+00,6.143975734710693359e+00,5.482614994049072266e+00
4.540051460266113281e+00,8.352554321289062500e+00,7.231019973754882812e+00,6.227505207061767578e+00
4.373805046081542969e+00,8.352554321289062500e+00,8.168837547302246094e+00,6.899803161621093750e+00
4.202349185943603516e+00,8.352554321289062500e+00,9.205134391784667969e+00,7.622625827789306641e+00
4.033201217651367188e+00,8.352554321289062500e+00,1.030945301055908203e+01,8.491984367370605469e+00
3.865479946136474609e+00,8.352554321289062500e+00,1.157853031158447266e+01,9.480151176452636719e+00
3.709881782531738281e+00,8.352554321289062500e+00,1.290283679962158203e+01,1.051269435882568359e+01
3.563243389129638672e+00,8.352554321289062500e+00,1.414265441894531250e+01,1.147684860229492188e+01
3.433995008468627930e+00,8.352554321289062500e+00,1.541721057891845703e+01,1.257709026336669922e+01
3.303360700607299805e+00,8.352554321289062500e+00,1.684327888488769531e+01,1.369368934631347656e+01
3.184499502182006836e+00,8.352554321289062500e+00,1.831191635131835938e+01,1.498091506958007812e+01
3.070562362670898438e+00,8.352554321289062500e+00,1.983127784729003906e+01,1.630993461608886719e+01
2.953676700592041016e+00,8.352554321289062500e+00,2.159455871582031250e+01,1.772999954223632812e+01
2.837386131286621094e+00,8.352554321289062500e+00,2.348181724548339844e+01,1.920922279357910156e+01
2.734888792037963867e+00,8.352554321289062500e+00,2.529516220092773438e+01,2.087311744689941406e+01
2.633313179016113281e+00,8.352554321289062500e+00,2.730422019958496094e+01,2.272614860534667969e+01
2.538235664367675781e+00,8.352554321289062500e+00,2.946312522888183594e+01,2.485007858276367188e+01
2.446629524230957031e+00,8.352554321289062500e+00,3.171402549743652344e+01,2.712292098999023438e+01
2.360438585281372070e+00,8.352554321289062500e+00,3.412989044189453125e+01,2.965793609619140625e+01
2.274797916412353516e+00,8.352554321289062500e+00,3.671401214599609375e+01,3.223920059204101562e+01
2.198438644409179688e+00,8.352554321289062500e+00,3.937642288208007812e+01,3.509568405151367188e+01
2.124350070953369141e+00,8.352554321289062500e+00,4.217124176025390625e+01,3.801059722900390625e+01
2.053410053253173828e+00,8.352554321289062500e+00,4.509799194335937500e+01,4.104357910156250000e+01
1.986149191856384277e+00,8.352554321289062500e+00,4.815006256103515625e+01,4.419893264770507812e+01
1.922603130340576172e+00,8.352554321289062500e+00,5.128353118896484375e+01,4.740834426879882812e+01
1.862694978713989258e+00,8.352554321289062500e+00,5.450554275512695312e+01,5.068995666503906250e+01
1.804948568344116211e+00,8.352554321289062500e+00,5.785200500488281250e+01,5.407101440429687500e+01
1.750343680381774902e+00,8.352554321289062500e+00,6.135830688476562500e+01,5.762140274047851562e+01
1.699626326560974121e+00,8.352554321289062500e+00,6.513008117675781250e+01,6.148093795776367188e+01
1.652222990989685059e+00,8.352554321289062500e+00,6.917659759521484375e+01,6.561904144287109375e+01
1.609112739562988281e+00,8.352554321289062500e+00,7.347364807128906250e+01,7.005815887451171875e+01
1.570456385612487793e+00,8.352554321289062500e+00,7.824649047851562500e+01,7.499552154541015625e+01
1.535586595535278320e+00,8.352554321289062500e+00,8.363585662841796875e+01,8.058967590332031250e+01
5.478660106658935547e+00,8.482664108276367188e+00,2.004470109939575195e+00,2.242462873458862305e+00
5.338653087615966797e+00,8.482664108276367188e+00,2.841536998748779297e+00,3.047418117523193359e+00
5.157119750976562500e+00,8.482664108276367188e+00,3.775111913681030273e+00,3.726408958435058594e+00
4.972564220428466797e+00,8.482664108276367188e+00,4.552292823791503906e+00,4.195340633392333984e+00
4.815317630767822266e+00,8.482664108276367188e+00,5.392186164855957031e+00,4.845368862152099609e+00
4.667216300964355469e+00,8.482664108276367188e+00,6.485602855682373047e+00,5.744799137115478516e+00
4.490872383117675781e+00,8.482664108276367188e+00,7.428552150726318359e+00,6.331836700439453125e+00
4.329756736755371094e+00,8.482664108276367188e+00,8.461065292358398438e+00,7.095416545867919922e+00
4.167174339294433594e+00,8.482664108276367188e+00,9.477740287780761719e+00,7.846480846405029297e+00
4.005566120147705078e+00,8.482664108276367188e+00,1.055765819549560547e+01,8.721496582031250000e+00
3.845590591430664062e+00,8.482664108276367188e+00,1.179806423187255859e+01,9.699869155883789062e+00
3.689595222473144531e+00,8.482664108276367188e+00,1.307141876220703125e+01,1.063462638854980469e+01
3.549452781677246094e+00,8.482664108276367188e+00,1.427939605712890625e+01,1.160541725158691406e+01
3.423461437225341797e+00,8.482664108276367188e+00,1.555257987976074219e+01,1.270538043975830078e+01
3.293951749801635742e+00,8.482664108276367188e+00,1.696072196960449219e+01,1.378737163543701172e+01
3.179820060729980469e+00,8.482664108276367188e+00,1.839490509033203125e+01,1.507740592956542969e+01
3.066892862319946289e+00,8.482664108276367188e+00,1.990954208374023438e+01,1.638006210327148438e+01
2.952832221984863281e+00,8.482664108276367188e+00,2.163338470458984375e+01,1.777192687988281250e+01
2.839732646942138672e+00,8.482664108276367188e+00,2.346875000000000000e+01,1.921648979187011719e+01
2.739682435989379883e+00,8.482664108276367188e+00,2.524081039428710938e+01,2.084258460998535156e+01
2.640994071960449219e+00,8.482664108276367188e+00,2.717466926574707031e+01,2.263103103637695312e+01
2.548198938369750977e+00,8.482664108276367188e+00,2.926112174987792969e+01,2.467836761474609375e+01
2.458093881607055664e+00,8.482664108276367188e+00,3.149411773681640625e+01,2.690897369384765625e+01
2.373675346374511719e+00,8.482664108276367188e+00,3.381625366210937500e+01,2.935004425048828125e+01
2.290957212448120117e+00,8.482664108276367188e+00,3.627757263183593750e+01,3.186152648925781250e+01
2.214038133621215820e+00,8.482664108276367188e+00,3.891379928588867188e+01,3.462559509277343750e+01
2.141795158386230469e+00,8.482664108276367188e+00,4.161812591552734375e+01,3.747840881347656250e+01
2.071797609329223633e+00,8.482664108276367188e+00,4.447260665893554688e+01,4.043877029418945312e+01
2.005332946777343750e+00,8.482664108276367188e+00,4.744952774047851562e+01,4.352642059326171875e+01
1.942442774772644043e+00,8.482664108276367188e+00,5.052512741088867188e+01,4.669425582885742188e+01
1.882848024368286133e+00,8.482664108276367188e+00,5.362374877929687500e+01,4.984238433837890625e+01
1.826015949249267578e+00,8.482664108276367188e+00,5.685469055175781250e+01,5.310971069335937500e+01
1.772328257560729980e+00,8.482664108276367188e+00,6.026570510864257812e+01,5.657614517211914062e+01
1.722102165222167969e+00,8.482664108276367188e+00,6.388748168945312500e+01,6.027535247802734375e+01
1.675286054611206055e+00,8.482664108276367188e+00,6.772143554687500000e+01,6.418038177490234375e+01
1.632487654685974121e+00,8.482664108276367188e+00,7.183663940429687500e+01,6.840927124023437500e+01
1.593217849731445312e+00,8.482664108276367188e+00,7.639894104003906250e+01,7.306674957275390625e+01
1.559081077575683594e+00,8.482664108276367188e+00,8.135962677001953125e+01,7.828118896484375000e+01
5.276985168457031250e+00,8.612724304199218750e+00,3.201348066329956055e+00,3.318305730819702148e+00
5.102668762207031250e+00,8.612724304199218750e+00,3.956040620803833008e+00,3.831192493438720703e+00
4.917586326599121094e+00,8.612724304199218750e+00,4.833090305328369141e+00,4.376110553741455078e+00
4.781718730926513672e+00,8.612724304199218750e+00,5.630327224731445312e+00,5.085330486297607422e+00
4.616780281066894531e+00,8.612724304199218750e+00,6.784297466278076172e+00,5.923613071441650391e+00
4.453722476959228516e+00,8.612724304199218750e+00,7.731299877166748047e+00,6.584825515747070312e+00
4.292427062988281250e+00,8.612724304199218750e+00,8.662303924560546875e+00,7.240486621856689453e+00
4.131400585174560547e+00,8.612724304199218750e+00,9.674254417419433594e+00,7.980677127838134766e+00
3.974088191986083984e+00,8.612724304199218750e+00,1.078329658508300781e+01,8.869867324829101562e+00
3.821639776229858398e+00,8.612724304199218750e+00,1.199926853179931641e+01,9.835986137390136719e+00
3.675601005554199219e+00,8.612724304199218750e+00,1.323931503295898438e+01,1.079559516906738281e+01
3.537639856338500977e+00,8.612724304199218750e+00,1.438996601104736328e+01,1.171000480651855469e+01
3.413449525833129883e+00,8.612724304199218750e+00,1.566743755340576172e+01,1.280055809020996094e+01
3.285791397094726562e+00,8.612724304199218750e+00,1.705986404418945312e+01,1.386005687713623047e+01
3.176113367080688477e+00,8.612724304199218750e+00,1.846490097045898438e+01,1.515745639801025391e+01
3.064636945724487305e+00,8.612724304199218750e+00,1.996696472167968750e+01,1.643409729003906250e+01
2.953195571899414062e+00,8.612724304199218750e+00,2.165474510192871094e+01,1.780080986022949219e+01
2.842941522598266602e+00,8.612724304199218750e+00,2.344111633300781250e+01,1.921141242980957031e+01
2.745203018188476562e+00,8.612724304199218750e+00,2.517293548583984375e+01,2.079738616943359375e+01
2.650125026702880859e+00,8.612724304199218750e+00,2.702962684631347656e+01,2.254019355773925781e+01
2.558586835861206055e+00,8.612724304199218750e+00,2.905592918395996094e+01,2.450852012634277344e+01
2.470432043075561523e+00,8.612724304199218750e+00,3.121834754943847656e+01,2.666080284118652344e+01
2.386788368225097656e+00,8.612724304199218750e+00,3.351771163940429688e+01,2.904165840148925781e+01
2.308367252349853516e+00,8.612724304199218750e+00,3.584807586669921875e+01,3.151473045349121094e+01
2.230189085006713867e+00,8.612724304199218750e+00,3.845503616333007812e+01,3.415727615356445312e+01
2.159792900085449219e+00,8.612724304199218750e+00,4.106741714477539062e+01,3.695785522460937500e+01
2.090834856033325195e+00,8.612724304199218750e+00,4.384366226196289062e+01,3.984233474731445312e+01
2.025153636932373047e+00,8.612724304199218750e+00,4.673955154418945312e+01,4.285507965087890625e+01
1.962709665298461914e+00,8.612724304199218750e+00,4.969584655761718750e+01,4.589967727661132812e+01
1.903513669967651367e+00,8.612724304199218750e+00,5.271412658691406250e+01,4.897574234008789062e+01
1.847433328628540039e+00,8.612724304199218750e+00,5.588023376464843750e+01,5.219054794311523438e+01
1.794573903083801270e+00,8.612724304199218750e+00,5.920932769775390625e+01,5.557960891723632812e+01
1.744452476501464844e+00,8.612724304199218750e+00,6.265016555786132812e+01,5.904800415039062500e+01
1.698149442672729492e+00,8.612724304199218750e+00,6.634171295166015625e+01,6.282324600219726562e+01
1.655347108840942383e+00,8.612724304199218750e+00,7.033091735839843750e+01,6.687330627441406250e+01
1.617431044578552246e+00,8.612724304199218750e+00,7.450876617431640625e+01,7.119358062744140625e+01
1.582828760147094727e+00,8.612724304199218750e+00,7.916754913330078125e+01,7.599962615966796875e+01
5.545151233673095703e+00,8.742808341979980469e+00,8.906602859497070312e-01,9.241032600402832031e-01
5.360489845275878906e+00,8.742808341979980469e+00,2.713871240615844727e+00,2.851161003112792969e+00
5.222518920898437500e+00,8.742808341979980469e+00,3.393664598464965820e+00,3.439908981323242188e+00
5.054784774780273438e+00,8.742808341979980469e+00,4.269169330596923828e+00,4.077714443206787109e+00
4.877862453460693359e+00,8.742808341979980469e+00,5.009447574615478516e+00,4.526345252990722656e+00
4.739625930786132812e+00,8.742808341979980469e+00,6.010065555572509766e+00,5.390097141265869141e+00
4.576361179351806641e+00,8.742808341979980469e+00,7.002013206481933594e+00,6.079798221588134766e+00
4.412696838378906250e+00,8.742808341979980469e+00,7.946795940399169922e+00,6.721358299255371094e+00
4.259740829467773438e+00,8.742808341979980469e+00,8.923108100891113281e+00,7.449566841125488281e+00
4.106234073638916016e+00,8.742808341979980469e+00,9.866126060485839844e+00,8.171004295349121094e+00
3.949366092681884766e+00,8.742808341979980469e+00,1.095335960388183594e+01,9.004068374633789062e+00
3.800922870635986328e+00,8.742808341979980469e+00,1.217265510559082031e+01,9.956035614013671875e+00
3.661177158355712891e+00,8.742808341979980469e+00,1.337081241607666016e+01,1.090338039398193359e+01
3.527387380599975586e+00,8.742808341979980469e+00,1.449835014343261719e+01,1.181121730804443359e+01
3.404844760894775391e+00,8.742808341979980469e+00,1.576905727386474609e+01,1.287900257110595703e+01
3.278953552246093750e+00,8.742808341979980469e+00,1.715681457519531250e+01,1.393428611755371094e+01
3.172986984252929688e+00,8.742808341979980469e+00,1.852069282531738281e+01,1.521577167510986328e+01
3.063321113586425781e+00,8.742808341979980469e+00,2.001142501831054688e+01,1.647822380065917969e+01
2.954582452774047852e+00,8.742808341979980469e+00,2.165962409973144531e+01,1.781673240661621094e+01
2.846841812133789062e+00,8.742808341979980469e+00,2.340110778808593750e+01,1.919556045532226562e+01
2.751293182373046875e+00,8.742808341979980469e+00,2.509868621826171875e+01,2.074412918090820312e+01
2.659786701202392578e+00,8.742808341979980469e+00,2.688207054138183594e+01,2.244813156127929688e+01
2.569539070129394531e+00,8.742808341979980469e+00,2.884215927124023438e+01,2.433372879028320312e+01
2.483306884765625000e+00,8.742808341979980469e+00,3.093105506896972656e+01,2.640914535522460938e+01
2.401125431060791016e+00,8.742808341979980469e+00,3.315269851684570312e+01,2.869213676452636719e+01
2.325264215469360352e+00,8.742808341979980469e+00,3.542264556884765625e+01,3.114772987365722656e+01
2.246321201324462891e+00,8.742808341979980469e+00,3.799922561645507812e+01,3.368561172485351562e+01
2.177986145019531250e+00,8.742808341979980469e+00,4.050195693969726562e+01,3.642557907104492188e+01
2.110026597976684570e+00,8.742808341979980469e+00,4.316807556152343750e+01,3.920058441162109375e+01
2.044933795928955078e+00,8.742808341979980469e+00,4.595022583007812500e+01,4.209418869018554688e+01
1.983062267303466797e+00,8.742808341979980469e+00,4.885243225097656250e+01,4.509288024902343750e+01
1.924575328826904297e+00,8.742808341979980469e+00,5.184088134765625000e+01,4.814838790893554688e+01
1.868988513946533203e+00,8.742808341979980469e+00,5.495441055297851562e+01,5.131835937500000000e+01
1.816140770912170410e+00,8.742808341979980469e+00,5.813956451416015625e+01,5.452166748046875000e+01
1.767011404037475586e+00,8.742808341979980469e+00,6.144687652587890625e+01,5.787897109985351562e+01
1.721226334571838379e+00,8.742808341979980469e+00,6.503837585449218750e+01,6.155252075195312500e+01
1.678875684738159180e+00,8.742808341979980469e+00,6.876708221435546875e+01,6.534829711914062500e+01
1.641307950019836426e+00,8.742808341979980469e+00,7.274583435058593750e+01,6.945109558105468750e+01
1.606827974319458008e+00,8.742808341979980469e+00,7.706887054443359375e+01,7.381049346923828125e+01
5.481966495513916016e+00,8.872893333435058594e+00,2.018527030944824219e+00,2.273673772811889648e+00
5.343942642211914062e+00,8.872893333435058594e+00,2.830527782440185547e+00,3.044683694839477539e+00
5.173185348510742188e+00,8.872893333435058594e+00,3.723641395568847656e+00,3.706520557403564453e+00
4.993748188018798828e+00,8.872893333435058594e+00,4.487500190734863281e+00,4.165224552154541016e+00
4.839443683624267578e+00,8.872893333435058594e+00,5.261374473571777344e+00,4.739334106445312500e+00
4.698358058929443359e+00,8.872893333435058594e+00,6.216816902160644531e+00,5.532900333404541016e+00
4.532576560974121094e+00,8.872893333435058594e+00,7.292698860168457031e+00,6.265107631683349609e+00
4.381808280944824219e+00,8.872893333435058594e+00,8.145503997802734375e+00,6.893791198730468750e+00
4.225945472717285156e+00,8.872893333435058594e+00,9.108184814453125000e+00,7.567353725433349609e+00
4.076547145843505859e+00,8.872893333435058594e+00,1.007561492919921875e+01,8.316024780273437500e+00
3.933369159698486328e+00,8.872893333435058594e+00,1.112413215637207031e+01,9.187915802001953125e+00
3.783336162567138672e+00,8.872893333435058594e+00,1.231058406829833984e+01,1.005667018890380859e+01
3.646370887756347656e+00,8.872893333435058594e+00,1.349143695831298828e+01,1.097973728179931641e+01
3.519516706466674805e+00,8.872893333435058594e+00,1.459892940521240234e+01,1.191276741027832031e+01
3.397613525390625000e+00,8.872893333435058594e+00,1.585897159576416016e+01,1.295186138153076172e+01
3.274488925933837891e+00,8.872893333435058594e+00,1.723429870605468750e+01,1.399904918670654297e+01
3.171078920364379883e+00,8.872893333435058594e+00,1.856463241577148438e+01,1.526236057281494141e+01
3.063434600830078125e+00,8.872893333435058594e+00,2.003651809692382812e+01,1.650729942321777344e+01
2.956870555877685547e+00,8.872893333435058594e+00,2.165167236328125000e+01,1.782283401489257812e+01
2.851718902587890625e+00,8.872893333435058594e+00,2.334481620788574219e+01,1.916571426391601562e+01
2.757895946502685547e+00,8.872893333435058594e+00,2.501815795898437500e+01,2.068356895446777344e+01
2.669434070587158203e+00,8.872893333435058594e+00,2.673513221740722656e+01,2.234505462646484375e+01
2.581102371215820312e+00,8.872893333435058594e+00,2.861904716491699219e+01,2.415286827087402344e+01
2.496796846389770508e+00,8.872893333435058594e+00,3.064052772521972656e+01,2.615663719177246094e+01
2.415723085403442383e+00,8.872893333435058594e+00,3.278571701049804688e+01,2.834691238403320312e+01
2.341356992721557617e+00,8.872893333435058594e+00,3.498848342895507812e+01,3.073806571960449219e+01
2.264317512512207031e+00,8.872893333435058594e+00,3.743486785888671875e+01,3.317107391357421875e+01
2.196727514266967773e+00,8.872893333435058594e+00,3.987767028808593750e+01,3.584093475341796875e+01
2.129343748092651367e+00,8.872893333435058594e+00,4.248375320434570312e+01,3.854988098144531250e+01
2.065188884735107422e+00,8.872893333435058594e+00,4.520367050170898438e+01,4.137535858154296875e+01
2.003776073455810547e+00,8.872893333435058594e+00,4.805454635620117188e+01,4.432327270507812500e+01
1.945667028427124023e+00,8.872893333435058594e+00,5.101151275634765625e+01,4.735929870605468750e+01
1.890320777893066406e+00,8.872893333435058594e+00,5.399695968627929688e+01,5.038188552856445312e+01
1.838034629821777344e+00,8.872893333435058594e+00,5.708061599731445312e+01,5.350193023681640625e+01
1.789861917495727539e+00,8.872893333435058594e+00,6.030983352661132812e+01,5.680124282836914062e+01
1.744241714477539062e+00,8.872893333435058594e+00,6.369618988037109375e+01,6.023184204101562500e+01
1.702452421188354492e+00,8.872893333435058594e+00,6.730442810058593750e+01,6.391527557373046875e+01
1.664146661758422852e+00,8.872893333435058594e+00,7.119590759277343750e+01,6.783245849609375000e+01
1.631283044815063477e+00,8.872893333435058594e+00,7.511116027832031250e+01,7.187419128417968750e+01
5.489265441894531250e+00,9.002977371215820312e+00,1.246452927589416504e-01,1.165365949273109436e-01
5.287045955657958984e+00,9.002977371215820312e+00,3.168760538101196289e+00,3.299514532089233398e+00
5.118957042694091797e+00,9.002977371215820312e+00,3.908677101135253906e+00,3.799426317214965820e+00
4.944279670715332031e+00,9.002977371215820312e+00,4.717916965484619141e+00,4.305311203002929688e+00
4.803114414215087891e+00,9.002977371215820312e+00,5.473447322845458984e+00,4.919169902801513672e+00
4.661084175109863281e+00,9.002977371215820312e+00,6.581467151641845703e+00,5.824520587921142578e+00
4.494607448577880859e+00,9.002977371215820312e+00,7.437360286712646484e+00,6.348987579345703125e+00
4.346473693847656250e+00,9.002977371215820312e+00,8.390233993530273438e+00,7.055428028106689453e+00
4.199250698089599609e+00,9.002977371215820312e+00,9.291079521179199219e+00,7.721934795379638672e+00
4.052999973297119141e+00,9.002977371215820312e+00,1.022109413146972656e+01,8.433627128601074219e+00
3.910976886749267578e+00,9.002977371215820312e+00,1.129825115203857422e+01,9.298546791076660156e+00
3.771904230117797852e+00,9.002977371215820312e+00,1.243483924865722656e+01,1.018839931488037109e+01
3.634807348251342773e+00,9.002977371215820312e+00,1.358849048614501953e+01,1.105503749847412109e+01
3.513039588928222656e+00,9.002977371215820312e+00,1.468254947662353516e+01,1.200337791442871094e+01
3.392405033111572266e+00,9.002977371215820312e+00,1.592701625823974609e+01,1.301125144958496094e+01
3.271057844161987305e+00,9.002977371215820312e+00,1.729858398437500000e+01,1.405492401123046875e+01
3.170341014862060547e+00,9.002977371215820312e+00,1.859494972229003906e+01,1.529635334014892578e+01
3.064777135848999023e+00,9.002977371215820312e+00,2.004344367980957031e+01,1.652177810668945312e+01
2.960381031036376953e+00,9.002977371215820312e+00,2.162465667724609375e+01,1.781348037719726562e+01
2.857269763946533203e+00,9.002977371215820312e+00,2.327801322937011719e+01,1.912722778320312500e+01
2.765088558197021484e+00,9.002977371215820312e+00,2.493010711669921875e+01,2.061510086059570312e+01
2.678988933563232422e+00,9.002977371215820312e+00,2.659344291687011719e+01,2.223424530029296875e+01
2.594234943389892578e+00,9.002977371215820312e+00,2.839525413513183594e+01,2.399964904785156250e+01
2.510654211044311523e+00,9.002977371215820312e+00,3.034677314758300781e+01,2.590597534179687500e+01
2.430870056152343750e+00,9.002977371215820312e+00,3.242674255371093750e+01,2.801319313049316406e+01
2.357281923294067383e+00,9.002977371215820312e+00,3.458749771118164062e+01,3.033791732788085938e+01
2.282423973083496094e+00,9.002977371215820312e+00,3.691009902954101562e+01,3.268525314331054688e+01
2.214780569076538086e+00,9.002977371215820312e+00,3.931822967529296875e+01,3.528562545776367188e+01
2.148719549179077148e+00,9.002977371215820312e+00,4.185146713256835938e+01,3.793675231933593750e+01
2.085343599319458008e+00,9.002977371215820312e+00,4.450746917724609375e+01,4.069766235351562500e+01
2.025042057037353516e+00,9.002977371215820312e+00,4.729004669189453125e+01,4.358990478515625000e+01
1.966852068901062012e+00,9.002977371215820312e+00,5.013135910034179688e+01,4.650440597534179688e+01
1.911857128143310547e+00,9.002977371215820312e+00,5.302939224243164062e+01,4.945620727539062500e+01
1.860478997230529785e+00,9.002977371215820312e+00,5.604853057861328125e+01,5.253535842895507812e+01
1.812236189842224121e+00,9.002977371215820312e+00,5.919025039672851562e+01,5.571427154541015625e+01
1.767385005950927734e+00,9.002977371215820312e+00,6.243627548217773438e+01,5.899809265136718750e+01
1.726201057434082031e+00,9.002977371215820312e+00,6.591464996337890625e+01,6.254377746582031250e+01
1.688311100006103516e+00,9.002977371215820312e+00,6.956802368164062500e+01,6.623228454589843750e+01
1.655113697052001953e+00,9.002977371215820312e+00,7.332595062255859375e+01,7.009465789794921875e+01
5.550578117370605469e+00,9.133062362670898438e+00,9.943597912788391113e-01,1.045333743095397949e+00
5.371068477630615234e+00,9.133062362670898438e+00,2.684409618377685547e+00,2.839509725570678711e+00
5.236987113952636719e+00,9.133062362670898438e+00,3.345525741577148438e+00,3.405622720718383789e+00
5.082540988922119141e+00,9.133062362670898438e+00,4.158206939697265625e+00,4.022243499755859375e+00
4.901499748229980469e+00,9.133062362670898438e+00,4.928175926208496094e+00,4.453383445739746094e+00
4.776463985443115234e+00,9.133062362670898438e+00,5.753392219543457031e+00,5.201206207275390625e+00
4.617985248565673828e+00,9.133062362670898438e+00,6.800034046173095703e+00,5.940921783447265625e+00
4.466955184936523438e+00,9.133062362670898438e+00,7.687647819519042969e+00,6.572224617004394531e+00
4.315336704254150391e+00,9.133062362670898438e+00,8.543078422546386719e+00,7.154222011566162109e+00
4.172611713409423828e+00,9.133062362670898438e+00,9.478849411010742188e+00,7.858940124511718750e+00
4.033999443054199219e+00,9.133062362670898438e+00,1.036847591400146484e+01,8.574312210083007812e+00
3.893305778503417969e+00,9.133062362670898438e+00,1.143667125701904297e+01,9.402873992919921875e+00
3.761787891387939453e+00,9.133062362670898438e+00,1.255048465728759766e+01,1.030842876434326172e+01
3.623967647552490234e+00,9.133062362670898438e+00,1.367103004455566406e+01,1.111229419708251953e+01
3.507243156433105469e+00,9.133062362670898438e+00,1.475466156005859375e+01,1.207623481750488281e+01
3.387824058532714844e+00,9.133062362670898438e+00,1.598610115051269531e+01,1.306139373779296875e+01
3.268885374069213867e+00,9.133062362670898438e+00,1.734690475463867188e+01,1.410008907318115234e+01
3.170302867889404297e+00,9.133062362670898438e+00,1.861802101135253906e+01,1.532400131225585938e+01
3.066852569580078125e+00,9.133062362670898438e+00,2.004074287414550781e+01,1.652888870239257812e+01
2.964558839797973633e+00,9.133062362670898438e+00,2.158877563476562500e+01,1.779733657836914062e+01
2.863572120666503906e+00,9.133062362670898438e+00,2.319927406311035156e+01,1.907918167114257812e+01
2.773158788681030273e+00,9.133062362670898438e+00,2.480881500244140625e+01,2.052797317504882812e+01
2.688209533691406250e+00,9.133062362670898438e+00,2.645768737792968750e+01,2.211443138122558594e+01
2.606484651565551758e+00,9.133062362670898438e+00,2.819043159484863281e+01,2.383627700805664062e+01
2.525294780731201172e+00,9.133062362670898438e+00,3.006463623046875000e+01,2.568591117858886719e+01
2.445967674255371094e+00,9.133062362670898438e+00,3.207812881469726562e+01,2.768842124938964844e+01
2.373282670974731445e+00,9.133062362670898438e+00,3.419937515258789062e+01,2.995128059387207031e+01
2.300977706909179688e+00,9.133062362670898438e+00,3.640607833862304688e+01,3.222492980957031250e+01
2.232531070709228516e+00,9.133062362670898438e+00,3.880086135864257812e+01,3.474325180053710938e+01
2.168422222137451172e+00,9.133062362670898438e+00,4.124628067016601562e+01,3.735266113281250000e+01
2.106034278869628906e+00,9.133062362670898438e+00,4.382585525512695312e+01,4.004654312133789062e+01
2.046217918395996094e+00,9.133062362670898438e+00,4.645756530761718750e+01,4.278489685058593750e+01
1.988819360733032227e+00,9.133062362670898438e+00,4.921834945678710938e+01,4.563529968261718750e+01
1.934218406677246094e+00,9.133062362670898438e+00,5.207757949829101562e+01,4.856529617309570312e+01
1.882886886596679688e+00,9.133062362670898438e+00,5.505455017089843750e+01,5.159011840820312500e+01
1.834516525268554688e+00,9.133062362670898438e+00,5.807584381103515625e+01,5.462279129028320312e+01
1.790502309799194336e+00,9.133062362670898438e+00,6.120927810668945312e+01,5.782569503784179688e+01
1.749708652496337891e+00,9.133062362670898438e+00,6.453867340087890625e+01,6.118743133544921875e+01
1.713291168212890625e+00,9.133062362670898438e+00,6.794192504882812500e+01,6.468013000488281250e+01
1.678548336029052734e+00,9.133062362670898438e+00,7.169666290283203125e+01,6.840000152587890625e+01
5.486356735229492188e+00,9.263147354125976562e+00,2.011615991592407227e+00,2.267903566360473633e+00
5.343349933624267578e+00,9.263147354125976562e+00,2.818454265594482422e+00,2.996771097183227539e+00
5.198908805847167969e+00,9.263147354125976562e+00,3.627556085586547852e+00,3.657570362091064453e+00
5.030082225799560547e+00,9.263147354125976562e+00,4.402488231658935547e+00,4.154770374298095703e+00
4.870619297027587891e+00,9.263147354125976562e+00,5.079814434051513672e+00,4.594982624053955078e+00
4.740430355072021484e+00,9.263147354125976562e+00,6.044003009796142578e+00,5.426882743835449219e+00
4.584646224975585938e+00,9.263147354125976562e+00,6.977787017822265625e+00,6.066483497619628906e+00
4.432517051696777344e+00,9.263147354125976562e+00,7.886001110076904297e+00,6.692337036132812500e+00
4.292854309082031250e+00,9.263147354125976562e+00,8.729820251464843750e+00,7.326064109802246094e+00
4.148046970367431641e+00,9.263147354125976562e+00,9.620800971984863281e+00,7.958789348602294922e+00
4.017859458923339844e+00,9.263147354125976562e+00,1.051704025268554688e+01,8.717301368713378906e+00
3.877726316452026367e+00,9.263147354125976562e+00,1.154271984100341797e+01,9.480376243591308594e+00
3.748492717742919922e+00,9.263147354125976562e+00,1.266286468505859375e+01,1.037859535217285156e+01
3.615383625030517578e+00,9.263147354125976562e+00,1.374921798706054688e+01,1.117227935791015625e+01
3.501801729202270508e+00,9.263147354125976562e+00,1.481942367553710938e+01,1.213250923156738281e+01
3.384320974349975586e+00,9.263147354125976562e+00,1.603235816955566406e+01,1.309985733032226562e+01
3.267951965332031250e+00,9.263147354125976562e+00,1.737973785400390625e+01,1.413472557067871094e+01
3.171408653259277344e+00,9.263147354125976562e+00,1.862735176086425781e+01,1.533981800079345703e+01
3.069923877716064453e+00,9.263147354125976562e+00,2.002397918701171875e+01,1.652481460571289062e+01
2.969668865203857422e+00,9.263147354125976562e+00,2.153986167907714844e+01,1.777086639404296875e+01
2.870653152465820312e+00,9.263147354125976562e+00,2.310946464538574219e+01,1.902291870117187500e+01
2.781743526458740234e+00,9.263147354125976562e+00,2.468141174316406250e+01,2.043358612060546875e+01
2.698534965515136719e+00,9.263147354125976562e+00,2.628934669494628906e+01,2.197822570800781250e+01
2.617912054061889648e+00,9.263147354125976562e+00,2.800404357910156250e+01,2.366390228271484375e+01
2.539173603057861328e+00,9.263147354125976562e+00,2.981275367736816406e+01,2.546769905090332031e+01
2.461984872817993164e+00,9.263147354125976562e+00,3.175282287597656250e+01,2.740617370605468750e+01
2.389596700668334961e+00,9.263147354125976562e+00,3.382157516479492188e+01,2.957582855224609375e+01
2.320123195648193359e+00,9.263147354125976562e+00,3.591044616699218750e+01,3.179553985595703125e+01
2.250520706176757812e+00,9.263147354125976562e+00,3.830035400390625000e+01,3.421660995483398438e+01
2.188342094421386719e+00,9.263147354125976562e+00,4.060630035400390625e+01,3.674483489990234375e+01
2.126702308654785156e+00,9.263147354125976562e+00,4.305522918701171875e+01,3.930905914306640625e+01
2.067583560943603516e+00,9.263147354125976562e+00,4.562343597412109375e+01,4.198902893066406250e+01
2.010908842086791992e+00,9.263147354125976562e+00,4.833928298950195312e+01,4.480244827270507812e+01
1.956604719161987305e+00,9.263147354125976562e+00,5.117827224731445312e+01,4.771410369873046875e+01
1.904827117919921875e+00,9.263147354125976562e+00,5.404269027709960938e+01,5.059520721435546875e+01
1.857524156570434570e+00,9.263147354125976562e+00,5.696557998657226562e+01,5.356552505493164062e+01
1.813884019851684570e+00,9.263147354125976562e+00,6.001428222656250000e+01,5.666965103149414062e+01
1.773468136787414551e+00,9.263147354125976562e+00,6.317314910888671875e+01,5.986825561523437500e+01
1.736769676208496094e+00,9.263147354125976562e+00,6.652370452880859375e+01,6.324283599853515625e+01
1.702929258346557617e+00,9.263147354125976562e+00,6.995283508300781250e+01,6.669326019287109375e+01
5.454980373382568359e+00,9.393231391906738281e+00,3.063603639602661133e-01,2.767258286476135254e-01
5.311468601226806641e+00,9.393231391906738281e+00,3.075253486633300781e+00,3.250372648239135742e+00
5.148771762847900391e+00,9.393231391906738281e+00,3.852371215820312500e+00,3.789877414703369141e+00
4.980541229248046875e+00,9.393231391906738281e+00,4.561028003692626953e+00,4.211733341217041016e+00
4.836503982543945312e+00,9.393231391906738281e+00,5.303750991821289062e+00,4.775358676910400391e+00
4.705555438995361328e+00,9.393231391906738281e+00,6.207471370697021484e+00,5.531785488128662109e+00
4.552054405212402344e+00,9.393231391906738281e+00,7.225693702697753906e+00,6.242527961730957031e+00
4.404474258422851562e+00,9.393231391906738281e+00,7.998081207275390625e+00,6.764997482299804688e+00
4.267436027526855469e+00,9.393231391906738281e+00,8.917815208435058594e+00,7.460508346557617188e+00
4.127869606018066406e+00,9.393231391906738281e+00,9.734056472778320312e+00,8.049371719360351562e+00
3.997587442398071289e+00,9.393231391906738281e+00,1.066558647155761719e+01,8.805349349975585938e+00
3.867023944854736328e+00,9.393231391906738281e+00,1.166620445251464844e+01,9.601066589355468750e+00
3.737902641296386719e+00,9.393231391906738281e+00,1.275519657135009766e+01,1.044525051116943359e+01
3.608953475952148438e+00,9.393231391906738281e+00,1.382256793975830078e+01,1.123899650573730469e+01
3.497421741485595703e+00,9.393231391906738281e+00,1.487494945526123047e+01,1.217754650115966797e+01
3.382319450378417969e+00,9.393231391906738281e+00,1.606272697448730469e+01,1.312575054168701172e+01
3.268119096755981445e+00,9.393231391906738281e+00,1.739828681945800781e+01,1.415695571899414062e+01
3.173405885696411133e+00,9.393231391906738281e+00,1.862656974792480469e+01,1.534720230102539062e+01
3.074005126953125000e+00,9.393231391906738281e+00,1.999437141418457031e+01,1.651078987121582031e+01
2.975607872009277344e+00,9.393231391906738281e+00,2.147867965698242188e+01,1.773444366455078125e+01
2.878484725952148438e+00,9.393231391906738281e+00,2.300775337219238281e+01,1.895764732360839844e+01
2.790749549865722656e+00,9.393231391906738281e+00,2.454779243469238281e+01,2.033193969726562500e+01
2.709070682525634766e+00,9.393231391906738281e+00,2.611108398437500000e+01,2.183419227600097656e+01
2.630078077316284180e+00,9.393231391906738281e+00,2.776703071594238281e+01,2.346404838562011719e+01
2.553158044815063477e+00,9.393231391906738281e+00,2.952815818786621094e+01,2.521674537658691406e+01
2.477593421936035156e+00,9.393231391906738281e+00,3.141223716735839844e+01,2.709943008422851562e+01
2.406186580657958984e+00,9.393231391906738281e+00,3.340639495849609375e+01,2.918023109436035156e+01
2.339445352554321289e+00,9.393231391906738281e+00,3.540030288696289062e+01,3.135352516174316406e+01
2.269949674606323242e+00,9.393231391906738281e+00,3.766845321655273438e+01,3.362992477416992188e+01
2.208650588989257812e+00,9.393231391906738281e+00,3.991717147827148438e+01,3.609880447387695312e+01
2.147632598876953125e+00,9.393231391906738281e+00,4.232138442993164062e+01,3.861371231079101562e+01
2.089228630065917969e+00,9.393231391906738281e+00,4.485123443603515625e+01,4.125043106079101562e+01
2.033124923706054688e+00,9.393231391906738281e+00,4.752143096923828125e+01,4.401913070678710938e+01
1.978652954101562500e+00,9.393231391906738281e+00,5.024137496948242188e+01,4.678915405273437500e+01
1.927567005157470703e+00,9.393231391906738281e+00,5.301956176757812500e+01,4.962265396118164062e+01
1.880952000617980957e+00,9.393231391906738281e+00,5.588986206054687500e+01,5.256552886962890625e+01
1.836787223815917969e+00,9.393231391906738281e+00,5.883684921264648438e+01,5.552112197875976562e+01
1.797486901283264160e+00,9.393231391906738281e+00,6.186849975585937500e+01,5.861918258666992188e+01
1.760628700256347656e+00,9.393231391906738281e+00,6.508411407470703125e+01,6.182081985473632812e+01
1.727928876876831055e+00,9.393231391906738281e+00,6.820975494384765625e+01,6.504309082031250000e+01
5.552674770355224609e+00,9.523316383361816406e+00,9.980313181877136230e-01,1.049297928810119629e+00
5.393954753875732422e+00,9.523316383361816406e+00,2.595175266265869141e+00,2.785661697387695312e+00
5.261835098266601562e+00,9.523316383361816406e+00,3.303161859512329102e+00,3.396116495132446289e+00
5.108558177947998047e+00,9.523316383361816406e+00,3.978282928466796875e+00,3.859949827194213867e+00
4.938670635223388672e+00,9.523316383361816406e+00,4.766024112701416016e+00,4.338337421417236328e+00
4.806972503662109375e+00,9.523316383361816406e+00,5.473593235015869141e+00,4.920380115509033203e+00
4.677522659301757812e+00,9.523316383361816406e+00,6.514694690704345703e+00,5.793804168701171875e+00
4.520762443542480469e+00,9.523316383361816406e+00,7.375401496887207031e+00,6.330509185791015625e+00
4.385847091674804688e+00,9.523316383361816406e+00,8.182413101196289062e+00,6.947532176971435547e+00
4.244286060333251953e+00,9.523316383361816406e+00,9.056591987609863281e+00,7.555059909820556641e+00
4.114882946014404297e+00,9.523316383361816406e+00,9.862600326538085938e+00,8.194033622741699219e+00
3.982424736022949219e+00,9.523316383361816406e+00,1.077637004852294922e+01,8.891890525817871094e+00
3.859297752380371094e+00,9.523316383361816406e+00,1.176486110687255859e+01,9.714530944824218750e+00
3.729420423507690430e+00,9.523316383361816406e+00,1.283103466033935547e+01,1.050588417053222656e+01
3.603955268859863281e+00,9.523316383361816406e+00,1.388161945343017578e+01,1.129582500457763672e+01
3.494332075119018555e+00,9.523316383361816406e+00,1.491871738433837891e+01,1.221622848510742188e+01
3.381591796875000000e+00,9.523316383361816406e+00,1.609108924865722656e+01,1.315458679199218750e+01
3.269483804702758789e+00,9.523316383361816406e+00,1.740184020996093750e+01,1.416730785369873047e+01
3.176558017730712891e+00,9.523316383361816406e+00,1.861199188232421875e+01,1.534289836883544922e+01
3.079047679901123047e+00,9.523316383361816406e+00,1.995219230651855469e+01,1.648680114746093750e+01
2.982446670532226562e+00,9.523316383361816406e+00,2.140597152709960938e+01,1.768898010253906250e+01
2.887291669845581055e+00,9.523316383361816406e+00,2.289203071594238281e+01,1.888335227966308594e+01
2.800494670867919922e+00,9.523316383361816406e+00,2.440414237976074219e+01,2.022296142578125000e+01
2.720053672790527344e+00,9.523316383361816406e+00,2.592982292175292969e+01,2.168228530883789062e+01
2.642806291580200195e+00,9.523316383361816406e+00,2.753032302856445312e+01,2.326252174377441406e+01
2.567638158798217773e+00,9.523316383361816406e+00,2.922832107543945312e+01,2.496242332458496094e+01
2.493967056274414062e+00,9.523316383361816406e+00,3.103630256652832031e+01,2.677937507629394531e+01
2.423374414443969727e+00,9.523316383361816406e+00,3.295206069946289062e+01,2.876361083984375000e+01
2.357748985290527344e+00,9.523316383361816406e+00,3.490852737426757812e+01,3.089527893066406250e+01
2.289943218231201172e+00,9.523316383361816406e+00,3.706756210327148438e+01,3.308264541625976562e+01
2.228936195373535156e+00,9.523316383361816406e+00,3.929288101196289062e+01,3.550306320190429688e+01
2.168354511260986328e+00,9.523316383361816406e+00,4.165726089477539062e+01,3.797352218627929688e+01
2.110514879226684570e+00,9.523316383361816406e+00,4.414100646972656250e+01,4.056512832641601562e+01
2.054815292358398438e+00,9.523316383361816406e+00,4.665658569335937500e+01,4.316895294189453125e+01
2.001387834548950195e+00,9.523316383361816406e+00,4.929204177856445312e+01,4.589004516601562500e+01
1.951084613800048828e+00,9.523316383361816406e+00,5.201609802246093750e+01,4.869288635253906250e+01
1.903482317924499512e+00,9.523316383361816406e+00,5.482880020141601562e+01,5.152184677124023438e+01
1.859965562820434570e+00,9.523316383361816406e+00,5.768505096435546875e+01,5.441142272949218750e+01
1.820649743080139160e+00,9.523316383361816406e+00,6.064595031738281250e+01,5.740680694580078125e+01
1.785131454467773438e+00,9.523316383361816406e+00,6.359243011474609375e+01,6.042707443237304688e+01
1.750601291656494141e+00,9.523316383361816406e+00,6.681338500976562500e+01,6.358591461181640625e+01
5.494626045227050781e+00,9.653400421142578125e+00,1.987129807472229004e+00,2.235446691513061523e+00
5.338678359985351562e+00,9.653400421142578125e+00,2.832149505615234375e+00,2.936656236648559570e+00
5.226667404174804688e+00,9.653400421142578125e+00,3.435264110565185547e+00,3.495542287826538086e+00
5.077392101287841797e+00,9.653400421142578125e+00,4.207871913909912109e+00,4.062432765960693359e+00
4.904423713684082031e+00,9.653400421142578125e+00,4.933159351348876953e+00,4.459778308868408203e+00
4.787107467651367188e+00,9.653400421142578125e+00,5.690178394317626953e+00,5.149630546569824219e+00
4.641216278076171875e+00,9.653400421142578125e+00,6.724057674407958984e+00,5.905232429504394531e+00
4.494490146636962891e+00,9.653400421142578125e+00,7.498008251190185547e+00,6.413342952728271484e+00
4.358994007110595703e+00,9.653400421142578125e+00,8.358766555786132812e+00,7.052383422851562500e+00
4.223002433776855469e+00,9.653400421142578125e+00,9.155466079711914062e+00,7.614535808563232422e+00
4.096867561340332031e+00,9.653400421142578125e+00,9.992991447448730469e+00,8.283697128295898438e+00
3.968538761138916016e+00,9.653400421142578125e+00,1.086178588867187500e+01,8.952678680419921875e+00
3.849127769470214844e+00,9.653400421142578125e+00,1.186159420013427734e+01,9.790440559387207031e+00
3.721827983856201172e+00,9.653400421142578125e+00,1.289497470855712891e+01,1.055255126953125000e+01
3.600119829177856445e+00,9.653400421142578125e+00,1.392922878265380859e+01,1.134100532531738281e+01
3.492806196212768555e+00,9.653400421142578125e+00,1.494849109649658203e+01,1.224770259857177734e+01
3.381896972656250000e+00,9.653400421142578125e+00,1.610673522949218750e+01,1.317332363128662109e+01
3.271698951721191406e+00,9.653400421142578125e+00,1.739398193359375000e+01,1.416817665100097656e+01
3.180677652359008789e+00,9.653400421142578125e+00,1.858646011352539062e+01,1.532926654815673828e+01
3.084852218627929688e+00,9.653400421142578125e+00,1.989926528930664062e+01,1.645410156250000000e+01
2.990158557891845703e+00,9.653400421142578125e+00,2.132168006896972656e+01,1.763433837890625000e+01
2.896791934967041016e+00,9.653400421142578125e+00,2.276609992980957031e+01,1.880337715148925781e+01
2.811000347137451172e+00,9.653400421142578125e+00,2.424942779541015625e+01,2.010812568664550781e+01
2.731661319732666016e+00,9.653400421142578125e+00,2.574024009704589844e+01,2.152508735656738281e+01
2.655872583389282227e+00,9.653400421142578125e+00,2.729462814331054688e+01,2.306218910217285156e+01
2.582247734069824219e+00,9.653400421142578125e+00,2.893993186950683594e+01,2.471124649047851562e+01
2.510105371475219727e+00,9.653400421142578125e+00,3.068631744384765625e+01,2.647408485412597656e+01
2.440198898315429688e+00,9.653400421142578125e+00,3.254490661621093750e+01,2.838040542602539062e+01
2.375185966491699219e+00,9.653400421142578125e+00,3.447528076171875000e+01,3.046043968200683594e+01
2.309851408004760742e+00,9.653400421142578125e+00,3.652322769165039062e+01,3.258019256591796875e+01
2.247726202011108398e+00,9.653400421142578125e+00,3.875041580200195312e+01,3.492464828491210938e+01
2.189135551452636719e+00,9.653400421142578125e+00,4.101663208007812500e+01,3.735273742675781250e+01
2.131874084472656250e+00,9.653400421142578125e+00,4.334369659423828125e+01,3.979162216186523438e+01
2.077122688293457031e+00,9.653400421142578125e+00,4.579029083251953125e+01,4.234946823120117188e+01
2.024552822113037109e+00,9.653400421142578125e+00,4.837047958374023438e+01,4.502857208251953125e+01
1.973904609680175781e+00,9.653400421142578125e+00,5.105287551879882812e+01,4.775310516357421875e+01
1.926766395568847656e+00,9.653400421142578125e+00,5.375793838500976562e+01,5.048559570312500000e+01
1.883842706680297852e+00,9.653400421142578125e+00,5.653804016113281250e+01,5.333300781250000000e+01
1.844014763832092285e+00,9.653400421142578125e+00,5.938960266113281250e+01,5.621639633178710938e+01
1.807909965515136719e+00,9.653400421142578125e+00,6.236499023437500000e+01,5.922016143798828125e+01
1.774004220962524414e+00,9.653400421142578125e+00,6.534185028076171875e+01,6.214850234985351562e+01
5.468866348266601562e+00,9.783460617065429688e+00,1.495748460292816162e-01,1.362923979759216309e-01
5.344174385070800781e+00,9.783460617065429688e+00,2.927317857742309570e+00,3.154202699661254883e+00
5.189473152160644531e+00,9.783460617065429688e+00,3.695744514465332031e+00,3.705679178237915039e+00
5.032433032989501953e+00,9.783460617065429688e+00,4.419569015502929688e+00,4.173442840576171875e+00
4.878404140472412109e+00,9.783460617065429688e+00,5.061498641967773438e+00,4.576665401458740234e+00
4.759667396545410156e+00,9.783460617065429688e+00,5.956773757934570312e+00,5.370835781097412109e+00
4.611515522003173828e+00,9.783460617065429688e+00,6.832544803619384766e+00,5.957674026489257812e+00
4.475553512573242188e+00,9.783460617065429688e+00,7.680613040924072266e+00,6.582203388214111328e+00
4.338259220123291016e+00,9.783460617065429688e+00,8.479543685913085938e+00,7.138135910034179688e+00
4.209001064300537109e+00,9.783460617065429688e+00,9.287495613098144531e+00,7.744493007659912109e+00
4.081297397613525391e+00,9.783460617065429688e+00,1.010088443756103516e+01,8.361050605773925781e+00
3.959044218063354492e+00,9.783460617065429688e+00,1.096584796905517578e+01,9.055185317993164062e+00
3.838979482650756836e+00,9.783460617065429688e+00,1.195018959045410156e+01,9.847057342529296875e+00
3.715355873107910156e+00,9.783460617065429688e+00,1.295085906982421875e+01,1.059329986572265625e+01
3.597324371337890625e+00,9.783460617065429688e+00,1.396677780151367188e+01,1.137926483154296875e+01
3.492120265960693359e+00,9.783460617065429688e+00,1.496912860870361328e+01,1.227117919921875000e+01
3.383145332336425781e+00,9.783460617065429688e+00,1.611149406433105469e+01,1.318355178833007812e+01
3.274884462356567383e+00,9.783460617065429688e+00,1.737447929382324219e+01,1.415986251831054688e+01
3.185121536254882812e+00,9.783460617065429688e+00,1.854987144470214844e+01,1.530038356781005859e+01
3.091654300689697266e+00,9.783460617065429688e+00,1.983475112915039062e+01,1.641236686706542969e+01
2.998397350311279297e+00,9.783460617065429688e+00,2.123075103759765625e+01,1.757393836975097656e+01
2.907330036163330078e+00,9.783460617065429688e+00,2.262690353393554688e+01,1.871637916564941406e+01
2.822340011596679688e+00,9.783460617065429688e+00,2.408409690856933594e+01,1.998805618286132812e+01
2.744000196456909180e+00,9.783460617065429688e+00,2.554328346252441406e+01,2.137009429931640625e+01
2.669548034667968750e+00,9.783460617065429688e+00,2.705460548400878906e+01,2.286499404907226562e+01
2.597264289855957031e+00,9.783460617065429688e+00,2.865418052673339844e+01,2.446914672851562500e+01
2.526370763778686523e+00,9.783460617065429688e+00,3.035282325744628906e+01,2.617951583862304688e+01
2.457489252090454102e+00,9.783460617065429688e+00,3.215792083740234375e+01,2.802110862731933594e+01
2.392551898956298828e+00,9.783460617065429688e+00,3.407553863525390625e+01,3.005105972290039062e+01
2.330002307891845703e+00,9.783460617065429688e+00,3.600059509277343750e+01,3.210829925537109375e+01
2.267184495925903320e+00,9.783460617065429688e+00,3.816540908813476562e+01,3.432871246337890625e+01
2.210382223129272461e+00,9.783460617065429688e+00,4.028197097778320312e+01,3.665573883056640625e+01
2.153870582580566406e+00,9.783460617065429688e+00,4.255991744995117188e+01,3.905306625366210938e+01
2.099642753601074219e+00,9.783460617065429688e+00,4.497078704833984375e+01,4.157724761962890625e+01
2.047044277191162109e+00,9.783460617065429688e+00,4.750435256958007812e+01,4.418677520751953125e+01
1.996988773345947266e+00,9.783460617065429688e+00,5.007451248168945312e+01,4.680135345458984375e+01
1.950770020484924316e+00,9.783460617065429688e+00,5.268362808227539062e+01,4.948273849487304688e+01
1.907534718513488770e+00,9.783460617065429688e+00,5.539481735229492188e+01,5.222771072387695312e+01
1.867282629013061523e+00,9.783460617065429688e+00,5.821586227416992188e+01,5.507585906982421875e+01
1.830067396163940430e+00,9.783460617065429688e+00,6.119670104980468750e+01,5.804735946655273438e+01
1.797377824783325195e+00,9.783460617065429688e+00,6.390668487548828125e+01,6.082712173461914062e+01
5.552930355072021484e+00,9.913570404052734375e+00,9.150918722152709961e-01,9.525493383407592773e-01
5.429438114166259766e+00,9.913570404052734375e+00,2.442011833190917969e+00,2.686725616455078125e+00
5.298285961151123047e+00,9.913570404052734375e+00,3.167915582656860352e+00,3.315960884094238281e+00
5.148920536041259766e+00,9.913570404052734375e+00,3.869933843612670898e+00,3.807327032089233398e+00
4.990502834320068359e+00,9.913570404052734375e+00,4.549497604370117188e+00,4.213747501373291016e+00
4.852674484252929688e+00,9.913570404052734375e+00,5.234220981597900391e+00,4.724763393402099609e+00
4.732814788818359375e+00,9.913570404052734375e+00,6.130146026611328125e+00,5.499232769012451172e+00
4.589991569519042969e+00,9.913570404052734375e+00,7.005139350891113281e+00,6.102118492126464844e+00
4.449930191040039062e+00,9.913570404052734375e+00,7.830524444580078125e+00,6.665057182312011719e+00
4.318590164184570312e+00,9.913570404052734375e+00,8.571543693542480469e+00,7.195426940917968750e+00
4.193856716156005859e+00,9.913570404052734375e+00,9.405508041381835938e+00,7.838197708129882812e+00
4.069370746612548828e+00,9.913570404052734375e+00,1.017511940002441406e+01,8.425287246704101562e+00
3.952593088150024414e+00,9.913570404052734375e+00,1.104508113861083984e+01,9.147713661193847656e+00
3.831427097320556641e+00,9.913570404052734375e+00,1.202089118957519531e+01,9.900870323181152344e+00
3.711441516876220703e+00,9.913570404052734375e+00,1.300691699981689453e+01,1.064689254760742188e+01
3.595286846160888672e+00,9.913570404052734375e+00,1.399771499633789062e+01,1.140784740447998047e+01
3.492578268051147461e+00,9.913570404052734375e+00,1.497912311553955078e+01,1.228572654724121094e+01
3.385469436645507812e+00,9.913570404052734375e+00,1.610388755798339844e+01,1.318410682678222656e+01
3.279043197631835938e+00,9.913570404052734375e+00,1.734266090393066406e+01,1.414148426055908203e+01
3.190215110778808594e+00,9.913570404052734375e+00,1.850314712524414062e+01,1.525957775115966797e+01
3.099042892456054688e+00,9.913570404052734375e+00,1.976319885253906250e+01,1.636514663696289062e+01
3.007504940032958984e+00,9.913570404052734375e+00,2.112937927246093750e+01,1.750465011596679688e+01
2.919143199920654297e+00,9.913570404052734375e+00,2.248234558105468750e+01,1.863769149780273438e+01
2.834495067596435547e+00,9.913570404052734375e+00,2.390932083129882812e+01,1.986425209045410156e+01
2.757027864456176758e+00,9.913570404052734375e+00,2.533749008178710938e+01,2.121146202087402344e+01
2.683842658996582031e+00,9.913570404052734375e+00,2.680788040161132812e+01,2.266876411437988281e+01
2.612773895263671875e+00,9.913570404052734375e+00,2.836451530456542969e+01,2.423050117492675781e+01
2.543094635009765625e+00,9.913570404052734375e+00,3.001690673828125000e+01,2.589342117309570312e+01
2.474632740020751953e+00,9.913570404052734375e+00,3.178263664245605469e+01,2.767138099670410156e+01
2.410507917404174805e+00,9.913570404052734375e+00,3.365157318115234375e+01,2.963796615600585938e+01
2.350330829620361328e+00,9.913570404052734375e+00,3.543873977661132812e+01,3.160980796813964844e+01
2.288043737411499023e+00,9.913570404052734375e+00,3.749709701538085938e+01,3.371319580078125000e+01
2.231927871704101562e+00,9.913570404052734375e+00,3.958482742309570312e+01,3.600415802001953125e+01
2.175750732421875000e+00,9.913570404052734375e+00,4.183421325683593750e+01,3.836650848388671875e+01
2.121714115142822266e+00,9.913570404052734375e+00,4.420082473754882812e+01,4.082946777343750000e+01
2.069395542144775391e+00,9.913570404052734375e+00,4.661744689941406250e+01,4.332029724121093750e+01
2.020452976226806641e+00,9.913570404052734375e+00,4.910597610473632812e+01,4.589806365966796875e+01
1.974631667137145996e+00,9.913570404052734375e+00,5.166528320312500000e+01,4.851558303833007812e+01
1.931154012680053711e+00,9.913570404052734375e+00,5.429417419433593750e+01,5.115723419189453125e+01
1.891232132911682129e+00,9.913570404052734375e+00,5.702569198608398438e+01,5.393032836914062500e+01
1.853785872459411621e+00,9.913570404052734375e+00,5.986993789672851562e+01,5.679215621948242188e+01
1.818954467773437500e+00,9.913570404052734375e+00,6.277888870239257812e+01,5.969361877441406250e+01
5.512646198272705078e+00,1.004362869262695312e+01,1.924182653427124023e+00,2.176930427551269531e+00
5.379796981811523438e+00,1.004362869262695312e+01,2.693402528762817383e+00,2.863155603408813477e+00
5.258392333984375000e+00,1.004362869262695312e+01,3.325631856918334961e+00,3.409393072128295898e+00
5.115166664123535156e+00,1.004362869262695312e+01,3.980023145675659180e+00,3.868091106414794922e+00
4.955482006072998047e+00,1.004362869262695312e+01,4.705590724945068359e+00,4.302705287933349609e+00
4.827782630920410156e+00,1.004362869262695312e+01,5.395680427551269531e+00,4.858379364013671875e+00
4.706965446472167969e+00,1.004362869262695312e+01,6.269913196563720703e+00,5.591784000396728516e+00
4.567760944366455078e+00,1.004362869262695312e+01,7.189377307891845703e+00,6.240894794464111328e+00
4.431297779083251953e+00,1.004362869262695312e+01,7.923805236816406250e+00,6.734765052795410156e+00
4.306066989898681641e+00,1.004362869262695312e+01,8.697669982910156250e+00,7.319417953491210938e+00
4.177431106567382812e+00,1.004362869262695312e+01,9.505487442016601562e+00,7.893962383270263672e+00
4.058458805084228516e+00,1.004362869262695312e+01,1.024264717102050781e+01,8.479995727539062500e+00
3.945922613143920898e+00,1.004362869262695312e+01,1.111709213256835938e+01,9.221109390258789062e+00
3.825633525848388672e+00,1.004362869262695312e+01,1.207696151733398438e+01,9.946215629577636719e+00
3.708951473236083984e+00,1.004362869262695312e+01,1.304941082000732422e+01,1.069138050079345703e+01
3.594374179840087891e+00,1.004362869262695312e+01,1.401900577545166016e+01,1.142918872833251953e+01
3.493989706039428711e+00,1.004362869262695312e+01,1.498006916046142578e+01,1.229292964935302734e+01
3.388821363449096680e+00,1.004362869262695312e+01,1.608440017700195312e+01,1.317538738250732422e+01
3.284212827682495117e+00,1.004362869262695312e+01,1.729884910583496094e+01,1.411378383636474609e+01
3.195911884307861328e+00,1.004362869262695312e+01,1.844940948486328125e+01,1.521069717407226562e+01
3.107215642929077148e+00,1.004362869262695312e+01,1.967151641845703125e+01,1.629987335205078125e+01
3.017209529876708984e+00,1.004362869262695312e+01,2.102067947387695312e+01,1.742867469787597656e+01
2.931257724761962891e+00,1.004362869262695312e+01,2.233764648437500000e+01,1.855261611938476562e+01
2.847626209259033203e+00,1.004362869262695312e+01,2.374172019958496094e+01,1.975451087951660156e+01
2.771015405654907227e+00,1.004362869262695312e+01,2.513785552978515625e+01,2.106772232055664062e+01
2.699042797088623047e+00,1.004362869262695312e+01,2.656896209716796875e+01,2.248783302307128906e+01
2.628992557525634766e+00,1.004362869262695312e+01,2.809181213378906250e+01,2.401534843444824219e+01
2.560102701187133789e+00,1.004362869262695312e+01,2.968750572204589844e+01,2.561543846130371094e+01
2.492714881896972656e+00,1.004362869262695312e+01,3.137050819396972656e+01,2.731042098999023438e+01
2.429744243621826172e+00,1.004362869262695312e+01,3.312829208374023438e+01,2.917642593383789062e+01
2.370200872421264648e+00,1.004362869262695312e+01,3.490534210205078125e+01,3.112591171264648438e+01
2.309190988540649414e+00,1.004362869262695312e+01,3.687628555297851562e+01,3.315112686157226562e+01
2.252975702285766602e+00,1.004362869262695312e+01,3.896413803100585938e+01,3.540590667724609375e+01
2.197401046752929688e+00,1.004362869262695312e+01,4.115159988403320312e+01,3.770195770263671875e+01
2.143692970275878906e+00,1.004362869262695312e+01,4.338574218750000000e+01,4.003700637817382812e+01
2.092446804046630859e+00,1.004362869262695312e+01,4.573087692260742188e+01,4.249158477783203125e+01
2.044262647628784180e+00,1.004362869262695312e+01,4.817546844482421875e+01,4.503358078002929688e+01
1.997594118118286133e+00,1.004362869262695312e+01,5.068155670166015625e+01,4.755094909667968750e+01
1.955399394035339355e+00,1.004362869262695312e+01,5.319659042358398438e+01,5.012657546997070312e+01
1.915169596672058105e+00,1.004362869262695312e+01,5.583823013305664062e+01,5.278900909423828125e+01
1.877873659133911133e+00,1.004362869262695312e+01,5.858330154418945312e+01,5.558081436157226562e+01
1.841173648834228516e+00,1.004362869262695312e+01,6.158197784423828125e+01,5.849402618408203125e+01
5.488243103027343750e+00,1.017371273040771484e+01,2.057131290435791016e+00,2.318850278854370117e+00
5.351355552673339844e+00,1.017371273040771484e+01,2.823812007904052734e+00,2.982816934585571289e+00
5.231971740722656250e+00,1.017371273040771484e+01,3.451740980148315430e+00,3.519441604614257812e+00
5.094200134277343750e+00,1.017371273040771484e+01,4.156252384185791016e+00,4.043313980102539062e+00
4.923865318298339844e+00,1.017371273040771484e+01,4.865715026855468750e+00,4.405834674835205078e+00
4.805798053741455078e+00,1.017371273040771484e+01,5.515828132629394531e+00,4.960990905761718750e+00
4.688434123992919922e+00,1.017371273040771484e+01,6.497552394866943359e+00,5.796493053436279297e+00
4.544292449951171875e+00,1.017371273040771484e+01,7.313948154449462891e+00,6.309699058532714844e+00
4.413906574249267578e+00,1.017371273040771484e+01,8.004965782165527344e+00,6.791230201721191406e+00
4.293641090393066406e+00,1.017371273040771484e+01,8.817719459533691406e+00,7.428215980529785156e+00
4.165801048278808594e+00,1.017371273040771484e+01,9.576176643371582031e+00,7.952373981475830078e+00
4.051335334777832031e+00,1.017371273040771484e+01,1.031958770751953125e+01,8.561284065246582031e+00
3.938071250915527344e+00,1.017371273040771484e+01,1.118715858459472656e+01,9.269798278808593750e+00
3.820844650268554688e+00,1.017371273040771484e+01,1.212388324737548828e+01,9.983232498168945312e+00
3.707430362701416016e+00,1.017371273040771484e+01,1.308213233947753906e+01,1.072727203369140625e+01
3.594563722610473633e+00,1.017371273040771484e+01,1.403091144561767578e+01,1.144300842285156250e+01
3.496288776397705078e+00,1.017371273040771484e+01,1.497269821166992188e+01,1.229354763031005859e+01
3.393039703369140625e+00,1.017371273040771484e+01,1.605528831481933594e+01,1.315930461883544922e+01
3.290160179138183594e+00,1.017371273040771484e+01,1.724563026428222656e+01,1.407913112640380859e+01
3.202296257019042969e+00,1.017371273040771484e+01,1.838830375671386719e+01,1.515279197692871094e+01
3.115947723388671875e+00,1.017371273040771484e+01,1.956993675231933594e+01,1.622503280639648438e+01
3.027525424957275391e+00,1.017371273040771484e+01,2.088592720031738281e+01,1.733121109008789062e+01
2.943280220031738281e+00,1.017371273040771484e+01,2.218557357788085938e+01,1.844954872131347656e+01
2.860279560089111328e+00,1.017371273040771484e+01,2.356764221191406250e+01,1.962191009521484375e+01
2.784706592559814453e+00,1.017371273040771484e+01,2.493264007568359375e+01,2.090073776245117188e+01
2.713731527328491211e+00,1.017371273040771484e+01,2.632161903381347656e+01,2.228066062927246094e+01
2.644567251205444336e+00,1.017371273040771484e+01,2.778658485412597656e+01,2.375114059448242188e+01
2.576924800872802734e+00,1.017371273040771484e+01,2.932732963562011719e+01,2.530303573608398438e+01
2.511188983917236328e+00,1.017371273040771484e+01,3.094678688049316406e+01,2.694966316223144531e+01
2.448176860809326172e+00,1.017371273040771484e+01,3.265973281860351562e+01,2.873880767822265625e+01
2.389056682586669922e+00,1.017371273040771484e+01,3.444021224975585938e+01,3.066532516479492188e+01
2.330064773559570312e+00,1.017371273040771484e+01,3.631996154785156250e+01,3.264297485351562500e+01
2.272471189498901367e+00,1.017371273040771484e+01,3.838710021972656250e+01,3.479128646850585938e+01
2.219158649444580078e+00,1.017371273040771484e+01,4.040503692626953125e+01,3.698576736450195312e+01
2.166475296020507812e+00,1.017371273040771484e+01,4.257060241699218750e+01,3.927329254150390625e+01
2.115843057632446289e+00,1.017371273040771484e+01,4.488750839233398438e+01,4.170753860473632812e+01
2.066629648208618164e+00,1.017371273040771484e+01,4.727832412719726562e+01,4.414007568359375000e+01
2.021067142486572266e+00,1.017371273040771484e+01,4.968627548217773438e+01,4.661001586914062500e+01
1.979150056838989258e+00,1.017371273040771484e+01,5.214958572387695312e+01,4.913520431518554688e+01
1.938994407653808594e+00,1.017371273040771484e+01,5.472301101684570312e+01,5.172660446166992188e+01
1.900589227676391602e+00,1.017371273040771484e+01,5.747452163696289062e+01,5.446814727783203125e+01
1.866173744201660156e+00,1.017371273040771484e+01,6.010906219482421875e+01,5.710836410522460938e+01
5.542417526245117188e+00,1.030379772186279297e+01,7.109660506248474121e-01,7.179707288742065430e-01
5.349912643432617188e+00,1.030379772186279297e+01,2.943165063858032227e+00,3.183154106140136719e+00
5.202565193176269531e+00,1.030379772186279297e+01,3.667117595672607422e+00,3.699341297149658203e+00
5.057066917419433594e+00,1.030379772186279297e+01,4.336939334869384766e+00,4.139829635620117188e+00
4.900303840637207031e+00,1.030379772186279297e+01,4.965612888336181641e+00,4.485557079315185547e+00
4.792382240295410156e+00,1.030379772186279297e+01,5.707324981689453125e+00,5.164922714233398438e+00
4.660732269287109375e+00,1.030379772186279297e+01,6.668159008026123047e+00,5.883610725402832031e+00
4.524325370788574219e+00,1.030379772186279297e+01,7.387971878051757812e+00,6.347161293029785156e+00
4.402677536010742188e+00,1.030379772186279297e+01,8.117351531982421875e+00,6.905351161956787109e+00
4.277570247650146484e+00,1.030379772186279297e+01,8.924736976623535156e+00,7.488031864166259766e+00
4.154598712921142578e+00,1.030379772186279297e+01,9.632172584533691406e+00,7.989579677581787109e+00
4.046236991882324219e+00,1.030379772186279297e+01,1.038181304931640625e+01,8.637003898620605469e+00
3.931169271469116211e+00,1.030379772186279297e+01,1.124798393249511719e+01,9.309562683105468750e+00
3.816974639892578125e+00,1.030379772186279297e+01,1.216126346588134766e+01,1.001134395599365234e+01
3.707103252410888672e+00,1.030379772186279297e+01,1.310323715209960938e+01,1.075492095947265625e+01
3.595704078674316406e+00,1.030379772186279297e+01,1.403466320037841797e+01,1.145122241973876953e+01
3.499477148056030273e+00,1.030379772186279297e+01,1.495787811279296875e+01,1.228847980499267578e+01
3.397950887680053711e+00,1.030379772186279297e+01,1.601883125305175781e+01,1.313768291473388672e+01
3.296833515167236328e+00,1.030379772186279297e+01,1.718441772460937500e+01,1.403777027130126953e+01
3.209249496459960938e+00,1.030379772186279297e+01,1.832252693176269531e+01,1.508924579620361328e+01
3.125348091125488281e+00,1.030379772186279297e+01,1.946409416198730469e+01,1.614530944824218750e+01
3.038469314575195312e+00,1.030379772186279297e+01,2.074324989318847656e+01,1.722667694091796875e+01
2.955526351928710938e+00,1.030379772186279297e+01,2.202001953125000000e+01,1.832903289794921875e+01
2.873304367065429688e+00,1.030379772186279297e+01,2.336791801452636719e+01,1.946505355834960938e+01
2.798566341400146484e+00,1.030379772186279297e+01,2.470258140563964844e+01,2.070985221862792969e+01
2.728409290313720703e+00,1.030379772186279297e+01,2.605850601196289062e+01,2.205268096923828125e+01
2.660518407821655273e+00,1.030379772186279297e+01,2.747959136962890625e+01,2.348699378967285156e+01
2.594253540039062500e+00,1.030379772186279297e+01,2.897601127624511719e+01,2.500536918640136719e+01
2.529560565948486328e+00,1.030379772186279297e+01,3.055566787719726562e+01,2.661427116394042969e+01
2.466670989990234375e+00,1.030379772186279297e+01,3.223836898803710938e+01,2.833996582031250000e+01
2.407288789749145508e+00,1.030379772186279297e+01,3.403041076660156250e+01,3.023658752441406250e+01
2.350768566131591797e+00,1.030379772186279297e+01,3.576087188720703125e+01,3.212663269042968750e+01
2.293638944625854492e+00,1.030379772186279297e+01,3.770465087890625000e+01,3.414180374145507812e+01
2.241318464279174805e+00,1.030379772186279297e+01,3.967907333374023438e+01,3.631053161621093750e+01
2.189434051513671875e+00,1.030379772186279297e+01,4.181435775756835938e+01,3.856634902954101562e+01
2.138147354125976562e+00,1.030379772186279297e+01,4.406127929687500000e+01,4.088680267333984375e+01
2.089906215667724609e+00,1.030379772186279297e+01,4.636025238037109375e+01,4.326288986206054688e+01
2.045168876647949219e+00,1.030379772186279297e+01,4.872266006469726562e+01,4.573301696777343750e+01
2.002133369445800781e+00,1.030379772186279297e+01,5.116320800781250000e+01,4.818110656738281250e+01
1.962615013122558594e+00,1.030379772186279297e+01,5.365551757812500000e+01,5.071894454956054688e+01
1.924359083175659180e+00,1.030379772186279297e+01,5.629194641113281250e+01,5.333013153076171875e+01
1.891584634780883789e+00,1.030379772186279297e+01,5.870407104492187500e+01,5.581504821777343750e+01
5.426605701446533203e+00,1.043390750885009766e+01,2.479348421096801758e+00,2.713650703430175781e+00
5.309025764465332031e+00,1.043390750885009766e+01,3.149975299835205078e+00,3.313537120819091797e+00
5.167877674102783203e+00,1.043390750885009766e+01,3.832241296768188477e+00,3.798137426376342773e+00
5.021178245544433594e+00,1.043390750885009766e+01,4.469347953796386719e+00,4.188868045806884766e+00
4.882162570953369141e+00,1.043390750885009766e+01,5.080708026885986328e+00,4.595067977905273438e+00
4.776297092437744141e+00,1.043390750885009766e+01,5.904765129089355469e+00,5.350474834442138672e+00
4.641107559204101562e+00,1.043390750885009766e+01,6.778234481811523438e+00,5.957460880279541016e+00
4.508310794830322266e+00,1.043390750885009766e+01,7.474210739135742188e+00,6.410232067108154297e+00
4.391247272491455078e+00,1.043390750885009766e+01,8.226573944091796875e+00,7.004414081573486328e+00
4.266543865203857422e+00,1.043390750885009766e+01,9.002638816833496094e+00,7.549717426300048828e+00
4.146272182464599609e+00,1.043390750885009766e+01,9.691916465759277344e+00,8.042819976806640625e+00
4.041106700897216797e+00,1.043390750885009766e+01,1.043815326690673828e+01,8.696532249450683594e+00
3.926795959472656250e+00,1.043390750885009766e+01,1.129164791107177734e+01,9.347789764404296875e+00
3.814741134643554688e+00,1.043390750885009766e+01,1.218752098083496094e+01,1.003434276580810547e+01
3.707582473754882812e+00,1.043390750885009766e+01,1.311630058288574219e+01,1.077455615997314453e+01
3.597867965698242188e+00,1.043390750885009766e+01,1.403021526336669922e+01,1.145348262786865234e+01
3.503468275070190430e+00,1.043390750885009766e+01,1.493556594848632812e+01,1.227750778198242188e+01
3.403679370880126953e+00,1.043390750885009766e+01,1.597342586517333984e+01,1.310925960540771484e+01
3.304358959197998047e+00,1.043390750885009766e+01,1.711417579650878906e+01,1.399142551422119141e+01
3.216528892517089844e+00,1.043390750885009766e+01,1.825442123413085938e+01,1.501879310607910156e+01
3.135241508483886719e+00,1.043390750885009766e+01,1.935625648498535156e+01,1.606232452392578125e+01
3.049825668334960938e+00,1.043390750885009766e+01,2.060215950012207031e+01,1.712119293212890625e+01
2.968017578125000000e+00,1.043390750885009766e+01,2.185737609863281250e+01,1.820857429504394531e+01
2.887171983718872070e+00,1.043390750885009766e+01,2.316428184509277344e+01,1.931185531616210938e+01
2.813227653503417969e+00,1.043390750885009766e+01,2.447207641601562500e+01,2.052686309814453125e+01
2.743812084197998047e+00,1.043390750885009766e+01,2.579985809326171875e+01,2.183807754516601562e+01
2.676660537719726562e+00,1.043390750885009766e+01,2.718869972229003906e+01,2.323423004150390625e+01
2.611462116241455078e+00,1.043390750885009766e+01,2.864979743957519531e+01,2.472179222106933594e+01
2.547702312469482422e+00,1.043390750885009766e+01,3.019393348693847656e+01,2.629426765441894531e+01
2.485514402389526367e+00,1.043390750885009766e+01,3.184089660644531250e+01,2.797295951843261719e+01
2.426866769790649414e+00,1.043390750885009766e+01,3.352918243408203125e+01,2.976968002319335938e+01
2.371785402297973633e+00,1.043390750885009766e+01,3.517181777954101562e+01,3.159747314453125000e+01
2.315361261367797852e+00,1.043390750885009766e+01,3.704448699951171875e+01,3.354347991943359375e+01
2.263477802276611328e+00,1.043390750885009766e+01,3.901928329467773438e+01,3.569326400756835938e+01
2.211432695388793945e+00,1.043390750885009766e+01,4.107773208618164062e+01,3.784355926513671875e+01
2.161295890808105469e+00,1.043390750885009766e+01,4.321406936645507812e+01,4.007505798339843750e+01
2.113966941833496094e+00,1.043390750885009766e+01,4.545049667358398438e+01,4.242850112915039062e+01
2.068041563034057617e+00,1.043390750885009766e+01,4.780448150634765625e+01,4.482712554931640625e+01
2.025474548339843750e+00,1.043390750885009766e+01,5.018460464477539062e+01,4.724778747558593750e+01
1.985577344894409180e+00,1.043390750885009766e+01,5.263220977783203125e+01,4.972940826416015625e+01
1.948732614517211914e+00,1.043390750885009766e+01,5.507369232177734375e+01,5.222092819213867188e+01
1.914222002029418945e+00,1.043390750885009766e+01,5.766290664672851562e+01,5.471932601928710938e+01
5.513481616973876953e+00,1.056396770477294922e+01,1.951268672943115234e+00,2.209627866744995117e+00
5.390344619750976562e+00,1.056396770477294922e+01,2.679970264434814453e+00,2.867843627929687500e+00
5.276760101318359375e+00,1.056396770477294922e+01,3.298888444900512695e+00,3.411548376083374023e+00
5.138123512268066406e+00,1.056396770477294922e+01,3.909875154495239258e+00,3.825330495834350586e+00
4.991481781005859375e+00,1.056396770477294922e+01,4.583087921142578125e+00,4.242228031158447266e+00
4.864192008972167969e+00,1.056396770477294922e+01,5.203446388244628906e+00,4.705693721771240234e+00
4.756885528564453125e+00,1.056396770477294922e+01,6.049865245819091797e+00,5.460043430328369141e+00
4.621003150939941406e+00,1.056396770477294922e+01,6.831769943237304688e+00,5.969090461730957031e+00
4.497231960296630859e+00,1.056396770477294922e+01,7.583748817443847656e+00,6.515370368957519531e+00
4.375694751739501953e+00,1.056396770477294922e+01,8.329594612121582031e+00,7.059535980224609375e+00
4.255723953247070312e+00,1.056396770477294922e+01,9.053903579711914062e+00,7.581419944763183594e+00
4.140791893005371094e+00,1.056396770477294922e+01,9.751233100891113281e+00,8.107170104980468750e+00
4.035457611083984375e+00,1.056396770477294922e+01,1.049131774902343750e+01,8.738020896911621094e+00
3.923923730850219727e+00,1.056396770477294922e+01,1.132340145111083984e+01,9.378636360168457031e+00
3.813948869705200195e+00,1.056396770477294922e+01,1.220484256744384766e+01,1.005506324768066406e+01
3.709010601043701172e+00,1.056396770477294922e+01,1.311986160278320312e+01,1.078701210021972656e+01
3.600871562957763672e+00,1.056396770477294922e+01,1.401846599578857422e+01,1.145037174224853516e+01
3.508323669433593750e+00,1.056396770477294922e+01,1.490579509735107422e+01,1.226060771942138672e+01
3.410537242889404297e+00,1.056396770477294922e+01,1.592286300659179688e+01,1.308131217956542969e+01
3.312899589538574219e+00,1.056396770477294922e+01,1.703316116333007812e+01,1.393962287902832031e+01
3.224120140075683594e+00,1.056396770477294922e+01,1.818524932861328125e+01,1.494342613220214844e+01
3.145578622817993164e+00,1.056396770477294922e+01,1.924654960632324219e+01,1.597646045684814453e+01
3.061616420745849609e+00,1.056396770477294922e+01,2.046171951293945312e+01,1.701416969299316406e+01
2.980901002883911133e+00,1.056396770477294922e+01,2.169767951965332031e+01,1.808682060241699219e+01
2.901516437530517578e+00,1.056396770477294922e+01,2.296258354187011719e+01,1.916099357604980469e+01
2.828051090240478516e+00,1.056396770477294922e+01,2.424908638000488281e+01,2.034604835510253906e+01
2.759151935577392578e+00,1.056396770477294922e+01,2.555270004272460938e+01,2.162353515625000000e+01
2.693180084228515625e+00,1.056396770477294922e+01,2.690427207946777344e+01,2.299188804626464844e+01
2.628968477249145508e+00,1.056396770477294922e+01,2.833181953430175781e+01,2.444905853271484375e+01
2.566134214401245117e+00,1.056396770477294922e+01,2.982960891723632812e+01,2.597731590270996094e+01
2.504812717437744141e+00,1.056396770477294922e+01,3.136116790771484375e+01,2.754779434204101562e+01
2.447533607482910156e+00,1.056396770477294922e+01,3.298349380493164062e+01,2.929548263549804688e+01
2.392534017562866211e+00,1.056396770477294922e+01,3.464098739624023438e+01,3.111426353454589844e+01
2.337224960327148438e+00,1.056396770477294922e+01,3.644404602050781250e+01,3.300421142578125000e+01
2.284161567687988281e+00,1.056396770477294922e+01,3.838849639892578125e+01,3.505044555664062500e+01
2.233841896057128906e+00,1.056396770477294922e+01,4.032257080078125000e+01,3.712377929687500000e+01
2.184996366500854492e+00,1.056396770477294922e+01,4.238414382934570312e+01,3.931015014648437500e+01
2.137197971343994141e+00,1.056396770477294922e+01,4.459232330322265625e+01,4.159820556640625000e+01
2.091173171997070312e+00,1.056396770477294922e+01,4.687337875366210938e+01,4.392566299438476562e+01
2.049375057220458984e+00,1.056396770477294922e+01,4.918485260009765625e+01,4.632949066162109375e+01
2.009184837341308594e+00,1.056396770477294922e+01,5.157824325561523438e+01,4.874386978149414062e+01
1.971900343894958496e+00,1.056396770477294922e+01,5.404377365112304688e+01,5.123122406005859375e+01
1.938042163848876953e+00,1.056396770477294922e+01,5.645663833618164062e+01,5.357373809814453125e+01
5.472605705261230469e+00,1.069402694702148438e+01,2.735134959220886230e-01,2.488541156053543091e-01
5.492507457733154297e+00,1.069402694702148438e+01,2.069652318954467773e+00,2.334575414657592773e+00
5.361194610595703125e+00,1.069402694702148438e+01,2.812173366546630859e+00,2.970461845397949219e+00
5.248257160186767578e+00,1.069402694702148438e+01,3.396534204483032227e+00,3.466930627822875977e+00
5.116724967956542969e+00,1.069402694702148438e+01,4.031244277954101562e+00,3.925496578216552734e+00
4.964770317077636719e+00,1.069402694702148438e+01,4.695216178894042969e+00,4.301240444183349609e+00
4.845147132873535156e+00,1.069402694702148438e+01,5.330650806427001953e+00,4.806950092315673828e+00
4.737595081329345703e+00,1.069402694702148438e+01,6.146719932556152344e+00,5.517574310302734375e+00
4.607664585113525391e+00,1.069402694702148438e+01,6.946427822113037109e+00,6.066751480102539062e+00
4.485785007476806641e+00,1.069402694702148438e+01,7.686256885528564453e+00,6.602626323699951172e+00
4.365334510803222656e+00,1.069402694702148438e+01,8.406812667846679688e+00,7.121089458465576172e+00
4.245678424835205078e+00,1.069402694702148438e+01,9.097038269042968750e+00,7.602053642272949219e+00
4.136873245239257812e+00,1.069402694702148438e+01,9.799362182617187500e+00,8.165705680847167969e+00
4.030747413635253906e+00,1.069402694702148438e+01,1.053697872161865234e+01,8.771512985229492188e+00
3.922097682952880859e+00,1.069402694702148438e+01,1.134671401977539062e+01,9.401573181152343750e+00
3.814693927764892578e+00,1.069402694702148438e+01,1.221104145050048828e+01,1.007100963592529297e+01
3.711208343505859375e+00,1.069402694702148438e+01,1.311581993103027344e+01,1.079166698455810547e+01
3.604850292205810547e+00,1.069402694702148438e+01,1.399884986877441406e+01,1.144152450561523438e+01
3.513959646224975586e+00,1.069402694702148438e+01,1.486912155151367188e+01,1.223785018920898438e+01
3.418280124664306641e+00,1.069402694702148438e+01,1.586593246459960938e+01,1.304857158660888672e+01
3.322089195251464844e+00,1.069402694702148438e+01,1.694497489929199219e+01,1.388247776031494141e+01
3.232472896575927734e+00,1.069402694702148438e+01,1.810829162597656250e+01,1.486327934265136719e+01
3.156453847885131836e+00,1.069402694702148438e+01,1.913315773010253906e+01,1.588791847229003906e+01
3.073960065841674805e+00,1.069402694702148438e+01,2.031880760192871094e+01,1.690448570251464844e+01
2.994299411773681641e+00,1.069402694702148438e+01,2.153671455383300781e+01,1.796208763122558594e+01
2.916412115097045898e+00,1.069402694702148438e+01,2.275804138183593750e+01,1.900976181030273438e+01
2.843350410461425781e+00,1.069402694702148438e+01,2.402412986755371094e+01,2.016519355773925781e+01
2.775236606597900391e+00,1.069402694702148438e+01,2.530045509338378906e+01,2.141423416137695312e+01
2.710561275482177734e+00,1.069402694702148438e+01,2.661289405822753906e+01,2.275430297851562500e+01
2.646936893463134766e+00,1.069402694702148438e+01,2.798151206970214844e+01,2.415176773071289062e+01
2.584715366363525391e+00,1.069402694702148438e+01,2.941618347167968750e+01,2.561764907836914062e+01
2.524255037307739258e+00,1.069402694702148438e+01,3.091937828063964844e+01,2.715876579284667969e+01
2.467019081115722656e+00,1.069402694702148438e+01,3.249969482421875000e+01,2.884079551696777344e+01
2.411854028701782227e+00,1.069402694702148438e+01,3.418554687500000000e+01,3.065125465393066406e+01
2.358438968658447266e+00,1.069402694702148438e+01,3.586884307861328125e+01,3.246606063842773438e+01
2.305405139923095703e+00,1.069402694702148438e+01,3.770557403564453125e+01,3.438442611694335938e+01
2.256824016571044922e+00,1.069402694702148438e+01,3.958423233032226562e+01,3.644344329833984375e+01
2.208080530166625977e+00,1.069402694702148438e+01,4.161654663085937500e+01,3.858444976806640625e+01
2.160192966461181641e+00,1.069402694702148438e+01,4.373104476928710938e+01,4.075576400756835938e+01
2.115479469299316406e+00,1.069402694702148438e+01,4.592608642578125000e+01,4.304919052124023438e+01
2.072664737701416016e+00,1.069402694702148438e+01,4.823298263549804688e+01,4.540937805175781250e+01
2.032248735427856445e+00,1.069402694702148438e+01,5.060730743408203125e+01,4.781247711181640625e+01
1.994265556335449219e+00,1.069402694702148438e+01,5.307335662841796875e+01,5.025907135009765625e+01
1.962463855743408203e+00,1.069402694702148438e+01,5.519738006591796875e+01,5.244985198974609375e+01
5.552724838256835938e+00,1.082413578033447266e+01,8.172307014465332031e-01,8.367552757263183594e-01
5.367367744445800781e+00,1.082413578033447266e+01,2.850454568862915039e+00,3.098944664001464844e+00
5.232318878173828125e+00,1.082413578033447266e+01,3.552648067474365234e+00,3.628202676773071289e+00
5.103792190551757812e+00,1.082413578033447266e+01,4.152351379394531250e+00,4.057775497436523438e+00
4.939470291137695312e+00,1.082413578033447266e+01,4.820117950439453125e+00,4.372306823730468750e+00
4.829362869262695312e+00,1.082413578033447266e+01,5.430790901184082031e+00,4.892401695251464844e+00
4.720931529998779297e+00,1.082413578033447266e+01,6.248241424560546875e+00,5.586649417877197266e+00
4.597061157226562500e+00,1.082413578033447266e+01,7.066114902496337891e+00,6.177215099334716797e+00
4.471203804016113281e+00,1.082413578033447266e+01,7.780402660369873047e+00,6.653814792633056641e+00
4.355620384216308594e+00,1.082413578033447266e+01,8.455560684204101562e+00,7.153353214263916016e+00
4.239649772644042969e+00,1.082413578033447266e+01,9.155730247497558594e+00,7.657382488250732422e+00
4.133541107177734375e+00,1.082413578033447266e+01,9.840358734130859375e+00,8.213050842285156250e+00
4.026849746704101562e+00,1.082413578033447266e+01,1.057463169097900391e+01,8.796416282653808594e+00
3.921146869659423828e+00,1.082413578033447266e+01,1.136329650878906250e+01,9.418959617614746094e+00
3.816095352172851562e+00,1.082413578033447266e+01,1.221318721771240234e+01,1.008192348480224609e+01
3.714212179183959961e+00,1.082413578033447266e+01,1.310379695892333984e+01,1.078905963897705078e+01
3.609707355499267578e+00,1.082413578033447266e+01,1.397205543518066406e+01,1.142821407318115234e+01
3.519836664199829102e+00,1.082413578033447266e+01,1.482632160186767578e+01,1.220443820953369141e+01
3.426513195037841797e+00,1.082413578033447266e+01,1.580428695678710938e+01,1.301121425628662109e+01
3.332071781158447266e+00,1.082413578033447266e+01,1.685288238525390625e+01,1.382470321655273438e+01
3.242005586624145508e+00,1.082413578033447266e+01,1.801960372924804688e+01,1.478271293640136719e+01
3.168039321899414062e+00,1.082413578033447266e+01,1.901411628723144531e+01,1.579523181915283203e+01
3.086887359619140625e+00,1.082413578033447266e+01,2.017253303527832031e+01,1.679384422302246094e+01
3.008147478103637695e+00,1.082413578033447266e+01,2.137294387817382812e+01,1.783737945556640625e+01
2.932223796844482422e+00,1.082413578033447266e+01,2.254332923889160156e+01,1.885950469970703125e+01
2.859556436538696289e+00,1.082413578033447266e+01,2.378989601135253906e+01,1.998721885681152344e+01
2.792001962661743164e+00,1.082413578033447266e+01,2.503020477294921875e+01,2.119693183898925781e+01
2.727905035018920898e+00,1.082413578033447266e+01,2.629226303100585938e+01,2.248365783691406250e+01
2.665194034576416016e+00,1.082413578033447266e+01,2.763057708740234375e+01,2.385326004028320312e+01
2.603724002838134766e+00,1.082413578033447266e+01,2.902887535095214844e+01,2.528524208068847656e+01
2.544353246688842773e+00,1.082413578033447266e+01,3.049118614196777344e+01,2.679682540893554688e+01
2.486198902130126953e+00,1.082413578033447266e+01,3.207202911376953125e+01,2.842690849304199219e+01
2.431312322616577148e+00,1.082413578033447266e+01,3.370872116088867188e+01,3.017445945739746094e+01
2.379885673522949219e+00,1.082413578033447266e+01,3.526370620727539062e+01,3.190808105468750000e+01
2.327921867370605469e+00,1.082413578033447266e+01,3.702281188964843750e+01,3.376433944702148438e+01
2.279659748077392578e+00,1.082413578033447266e+01,3.891051864624023438e+01,3.581964874267578125e+01
2.230601787567138672e+00,1.082413578033447266e+01,4.083884048461914062e+01,3.782100296020507812e+01
2.184241771697998047e+00,1.082413578033447266e+01,4.286481475830078125e+01,3.995135498046875000e+01
2.139347791671752930e+00,1.082413578033447266e+01,4.502379608154296875e+01,4.219975280761718750e+01
2.095754146575927734e+00,1.082413578033447266e+01,4.730113983154296875e+01,4.450469589233398438e+01
2.055804252624511719e+00,1.082413578033447266e+01,4.962018966674804688e+01,4.688306808471679688e+01
2.018002033233642578e+00,1.082413578033447266e+01,5.196183776855468750e+01,4.922890472412109375e+01
1.984983325004577637e+00,1.082413578033447266e+01,5.424254989624023438e+01,5.149441909790039062e+01
5.452880859375000000e+00,1.095419597625732422e+01,2.393767595291137695e+00,2.672116518020629883e+00
5.343060970306396484e+00,1.095419597625732422e+01,3.023142337799072266e+00,3.247283458709716797e+00
5.207966804504394531e+00,1.095419597625732422e+01,3.684059381484985352e+00,3.721754550933837891e+00
5.074229717254638672e+00,1.095419597625732422e+01,4.298821926116943359e+00,4.130869388580322266e+00
4.922950267791748047e+00,1.095419597625732422e+01,4.908313751220703125e+00,4.445394992828369141e+00
4.814532279968261719e+00,1.095419597625732422e+01,5.520589351654052734e+00,4.965532302856445312e+00
4.709569454193115234e+00,1.095419597625732422e+01,6.377618312835693359e+00,5.703075885772705078e+00
4.584119319915771484e+00,1.095419597625732422e+01,7.168110847473144531e+00,6.249287128448486328e+00
4.462380409240722656e+00,1.095419597625732422e+01,7.845605373382568359e+00,6.710171699523925781e+00
4.346090316772460938e+00,1.095419597625732422e+01,8.494956970214843750e+00,7.170423507690429688e+00
4.235467910766601562e+00,1.095419597625732422e+01,9.203781127929687500e+00,7.707209110260009766e+00
4.129556655883789062e+00,1.095419597625732422e+01,9.878502845764160156e+00,8.243711471557617188e+00
4.025076389312744141e+00,1.095419597625732422e+01,1.059851169586181641e+01,8.819376945495605469e+00
3.921169996261596680e+00,1.095419597625732422e+01,1.137288761138916016e+01,9.431042671203613281e+00
3.818305015563964844e+00,1.095419597625732422e+01,1.221047496795654297e+01,1.008764553070068359e+01
3.718026161193847656e+00,1.095419597625732422e+01,1.308385753631591797e+01,1.077935504913330078e+01
3.615270853042602539e+00,1.095419597625732422e+01,1.393957328796386719e+01,1.140974521636962891e+01
3.526219844818115234e+00,1.095419597625732422e+01,1.477667713165283203e+01,1.216410541534423828e+01
3.435045719146728516e+00,1.095419597625732422e+01,1.573604011535644531e+01,1.296506977081298828e+01
3.342988014221191406e+00,1.095419597625732422e+01,1.676309394836425781e+01,1.377336311340332031e+01
3.252165317535400391e+00,1.095419597625732422e+01,1.792535400390625000e+01,1.469637584686279297e+01
3.180150508880615234e+00,1.095419597625732422e+01,1.889130020141601562e+01,1.569965267181396484e+01
3.100409984588623047e+00,1.095419597625732422e+01,2.002106666564941406e+01,1.668052864074707031e+01
3.022647142410278320e+00,1.095419597625732422e+01,2.120340538024902344e+01,1.770942878723144531e+01
2.948680162429809570e+00,1.095419597625732422e+01,2.231731224060058594e+01,1.870560646057128906e+01
2.876100778579711914e+00,1.095419597625732422e+01,2.353542518615722656e+01,1.979066848754882812e+01
2.808851480484008789e+00,1.095419597625732422e+01,2.475288391113281250e+01,2.096617889404296875e+01
2.745346784591674805e+00,1.095419597625732422e+01,2.599051284790039062e+01,2.222636222839355469e+01
2.683387517929077148e+00,1.095419597625732422e+01,2.728988265991210938e+01,2.355872917175292969e+01
2.623142242431640625e+00,1.095419597625732422e+01,2.865460968017578125e+01,2.496881866455078125e+01
2.564323663711547852e+00,1.095419597625732422e+01,3.010038185119628906e+01,2.645976257324218750e+01
2.506638050079345703e+00,1.095419597625732422e+01,3.160514259338378906e+01,2.800836372375488281e+01
2.452632427215576172e+00,1.095419597625732422e+01,3.314002990722656250e+01,2.967024421691894531e+01
2.401860237121582031e+00,1.095419597625732422e+01,3.468866348266601562e+01,3.139728736877441406e+01
2.350764513015747070e+00,1.095419597625732422e+01,3.639514160156250000e+01,3.320471954345703125e+01
2.301259756088256836e+00,1.095419597625732422e+01,3.821678543090820312e+01,3.512954711914062500e+01
2.254001140594482422e+00,1.095419597625732422e+01,4.006429290771484375e+01,3.709959793090820312e+01
2.208669662475585938e+00,1.095419597625732422e+01,4.203065872192382812e+01,3.919397735595703125e+01
2.162792682647705078e+00,1.095419597625732422e+01,4.414373779296875000e+01,4.133211135864257812e+01
2.120121002197265625e+00,1.095419597625732422e+01,4.632895278930664062e+01,4.359523010253906250e+01
2.079290390014648438e+00,1.095419597625732422e+01,4.862127685546875000e+01,4.592485427856445312e+01
2.041952610015869141e+00,1.095419597625732422e+01,5.089819335937500000e+01,4.824526596069335938e+01
2.007515430450439453e+00,1.095419597625732422e+01,5.324824905395507812e+01,5.050629425048828125e+01
5.526387214660644531e+00,1.108430576324462891e+01,1.915716290473937988e+00,2.177236318588256836e+00
5.420639038085937500e+00,1.108430576324462891e+01,2.572449207305908203e+00,2.806443929672241211e+00
5.314156055450439453e+00,1.108430576324462891e+01,3.185824155807495117e+00,3.360125541687011719e+00
5.181806087493896484e+00,1.108430576324462891e+01,3.817597150802612305e+00,3.804533004760742188e+00
5.050372600555419922e+00,1.108430576324462891e+01,4.420744419097900391e+00,4.200592041015625000e+00
4.907591819763183594e+00,1.108430576324462891e+01,4.976667881011962891e+00,4.499962329864501953e+00
4.805536270141601562e+00,1.108430576324462891e+01,5.639244556427001953e+00,5.088144779205322266e+00
4.700008869171142578e+00,1.108430576324462891e+01,6.510128974914550781e+00,5.826237678527832031e+00
4.570123195648193359e+00,1.108430576324462891e+01,7.251759052276611328e+00,6.290034770965576172e+00
4.454124450683593750e+00,1.108430576324462891e+01,7.886527538299560547e+00,6.741336345672607422e+00
4.340120315551757812e+00,1.108430576324462891e+01,8.541019439697265625e+00,7.209654331207275391e+00
4.232633590698242188e+00,1.108430576324462891e+01,9.243225097656250000e+00,7.752106189727783203e+00
4.126714229583740234e+00,1.108430576324462891e+01,9.908426284790039062e+00,8.267172813415527344e+00
4.024623870849609375e+00,1.108430576324462891e+01,1.061336231231689453e+01,8.836956024169921875e+00
3.922304391860961914e+00,1.108430576324462891e+01,1.137540531158447266e+01,9.438359260559082031e+00
3.821381807327270508e+00,1.108430576324462891e+01,1.219993114471435547e+01,1.008679294586181641e+01
3.722552299499511719e+00,1.108430576324462891e+01,1.305732154846191406e+01,1.076289081573486328e+01
3.621676921844482422e+00,1.108430576324462891e+01,1.390054702758789062e+01,1.138643836975097656e+01
3.533789157867431641e+00,1.108430576324462891e+01,1.471757316589355469e+01,1.212112712860107422e+01
3.443762302398681641e+00,1.108430576324462891e+01,1.565928173065185547e+01,1.290463924407958984e+01
3.353584289550781250e+00,1.108430576324462891e+01,1.666662216186523438e+01,1.370492076873779297e+01
3.263286590576171875e+00,1.108430576324462891e+01,1.780957221984863281e+01,1.459884548187255859e+01
3.192557811737060547e+00,1.108430576324462891e+01,1.875888442993164062e+01,1.559141826629638672e+01
3.114515066146850586e+00,1.108430576324462891e+01,1.985083198547363281e+01,1.655249595642089844e+01
3.037593126296997070e+00,1.108430576324462891e+01,2.099919891357421875e+01,1.755276107788085938e+01
2.964786291122436523e+00,1.108430576324462891e+01,2.209849166870117188e+01,1.854290008544921875e+01
2.892753839492797852e+00,1.108430576324462891e+01,2.328850173950195312e+01,1.959637832641601562e+01
2.825832843780517578e+00,1.108430576324462891e+01,2.448104476928710938e+01,2.073778152465820312e+01
2.762855291366577148e+00,1.108430576324462891e+01,2.569276618957519531e+01,2.196702003479003906e+01
2.701853990554809570e+00,1.108430576324462891e+01,2.696478271484375000e+01,2.327581787109375000e+01
2.642226457595825195e+00,1.108430576324462891e+01,2.831066513061523438e+01,2.466757583618164062e+01
2.583843708038330078e+00,1.108430576324462891e+01,2.968493843078613281e+01,2.608601379394531250e+01
2.527435302734375000e+00,1.108430576324462891e+01,3.109475708007812500e+01,2.756221771240234375e+01
2.474288463592529297e+00,1.108430576324462891e+01,3.259590148925781250e+01,2.919525337219238281e+01
2.422667741775512695e+00,1.108430576324462891e+01,3.418923187255859375e+01,3.091660690307617188e+01
2.372405529022216797e+00,1.108430576324462891e+01,3.578143310546875000e+01,3.262192916870117188e+01
2.323320865631103516e+00,1.108430576324462891e+01,3.751774597167968750e+01,3.445289230346679688e+01
2.277744054794311523e+00,1.108430576324462891e+01,3.932121276855468750e+01,3.642638015747070312e+01
2.231279850006103516e+00,1.108430576324462891e+01,4.124463272094726562e+01,3.840865325927734375e+01
2.187062501907348633e+00,1.108430576324462891e+01,4.324490737915039062e+01,4.048766326904296875e+01
2.144402503967285156e+00,1.108430576324462891e+01,4.537427902221679688e+01,4.269997787475585938e+01
2.103194236755371094e+00,1.108430576324462891e+01,4.763490676879882812e+01,4.498709106445312500e+01
2.064942359924316406e+00,1.108430576324462891e+01,4.995773315429687500e+01,4.731622695922851562e+01
2.031700134277343750e+00,1.108430576324462891e+01,5.208146667480468750e+01,4.943756866455078125e+01
5.477506637573242188e+00,1.121436595916748047e+01,2.784891426563262939e-01,2.532676458358764648e-01
5.509377956390380859e+00,1.121436595916748047e+01,2.009532928466796875e+00,2.275833606719970703e+00
5.389896869659423828e+00,1.121436595916748047e+01,2.728853225708007812e+00,2.915472030639648438e+00
5.287734985351562500e+00,1.121436595916748047e+01,3.296031475067138672e+00,3.422566413879394531e+00
5.158702850341796875e+00,1.121436595916748047e+01,3.886433601379394531e+00,3.829806566238403320e+00
5.024673938751220703e+00,1.121436595916748047e+01,4.496952056884765625e+00,4.212609291076660156e+00
4.894922256469726562e+00,1.121436595916748047e+01,5.059666633605957031e+00,4.574329376220703125e+00
4.798894405364990234e+00,1.121436595916748047e+01,5.772469520568847656e+00,5.231752872467041016e+00
4.684380054473876953e+00,1.121436595916748047e+01,6.619193553924560547e+00,5.884084701538085938e+00
4.561637401580810547e+00,1.121436595916748047e+01,7.306145668029785156e+00,6.333934307098388672e+00
4.445894718170166016e+00,1.121436595916748047e+01,7.917690277099609375e+00,6.755599975585937500e+00
4.336197853088378906e+00,1.121436595916748047e+01,8.587878227233886719e+00,7.256731510162353516e+00
4.230714797973632812e+00,1.121436595916748047e+01,9.276715278625488281e+00,7.791207313537597656e+00
4.124700546264648438e+00,1.121436595916748047e+01,9.932662010192871094e+00,8.285552978515625000e+00
4.025169372558593750e+00,1.121436595916748047e+01,1.062114524841308594e+01,8.848925590515136719e+00
3.924542903900146484e+00,1.121436595916748047e+01,1.137105464935302734e+01,9.441111564636230469e+00
3.825373172760009766e+00,1.121436595916748047e+01,1.218125820159912109e+01,1.007928752899169922e+01
3.727959632873535156e+00,1.121436595916748047e+01,1.302343463897705078e+01,1.074262714385986328e+01
3.628771305084228516e+00,1.121436595916748047e+01,1.385637855529785156e+01,1.135950851440429688e+01
3.541739940643310547e+00,1.121436595916748047e+01,1.465550708770751953e+01,1.207264995574951172e+01
3.453352928161621094e+00,1.121436595916748047e+01,1.557236099243164062e+01,1.283985424041748047e+01
3.364326477050781250e+00,1.121436595916748047e+01,1.656264305114746094e+01,1.362520599365234375e+01
3.275484085083007812e+00,1.121436595916748047e+01,1.766172409057617188e+01,1.448332309722900391e+01
3.204288005828857422e+00,1.121436595916748047e+01,1.861424255371093750e+01,1.545696353912353516e+01
3.128904342651367188e+00,1.121436595916748047e+01,1.966394424438476562e+01,1.640784263610839844e+01
3.052920103073120117e+00,1.121436595916748047e+01,2.078926849365234375e+01,1.738990020751953125e+01
2.981013298034667969e+00,1.121436595916748047e+01,2.188357162475585938e+01,1.837738227844238281e+01
2.909731388092041016e+00,1.121436595916748047e+01,2.303824043273925781e+01,1.939774894714355469e+01
2.843528032302856445e+00,1.121436595916748047e+01,2.421023941040039062e+01,2.051649475097656250e+01
2.780973434448242188e+00,1.121436595916748047e+01,2.540666770935058594e+01,2.172422409057617188e+01
2.720603942871093750e+00,1.121436595916748047e+01,2.665382575988769531e+01,2.300939178466796875e+01
2.661453723907470703e+00,1.121436595916748047e+01,2.792412567138671875e+01,2.432363700866699219e+01
2.603546619415283203e+00,1.121436595916748047e+01,2.924521446228027344e+01,2.569190979003906250e+01
2.547771930694580078e+00,1.121436595916748047e+01,3.063986778259277344e+01,2.714727973937988281e+01
2.494441747665405273e+00,1.121436595916748047e+01,3.212886810302734375e+01,2.874033737182617188e+01
2.442830324172973633e+00,1.121436595916748047e+01,3.367545318603515625e+01,3.039764595031738281e+01
2.394454240798950195e+00,1.121436595916748047e+01,3.516676330566406250e+01,3.205202484130859375e+01
2.346444129943847656e+00,1.121436595916748047e+01,3.682553863525390625e+01,3.383018875122070312e+01
2.300220012664794922e+00,1.121436595916748047e+01,3.862437057495117188e+01,3.574820327758789062e+01
2.254775524139404297e+00,1.121436595916748047e+01,4.044417953491210938e+01,3.765351104736328125e+01
2.211982011795043945e+00,1.121436595916748047e+01,4.236811828613281250e+01,3.970464324951171875e+01
2.168123960494995117e+00,1.121436595916748047e+01,4.448014450073242188e+01,4.182855606079101562e+01
2.127816200256347656e+00,1.121436595916748047e+01,4.664828491210937500e+01,4.405693435668945312e+01
2.089132308959960938e+00,1.121436595916748047e+01,4.890942382812500000e+01,4.630971527099609375e+01
2.056999206542968750e+00,1.121436595916748047e+01,5.089396286010742188e+01,4.838019180297851562e+01
5.550501823425292969e+00,1.134447383880615234e+01,7.322694659233093262e-01,7.393390536308288574e-01
5.495118618011474609e+00,1.134447383880615234e+01,2.115941286087036133e+00,2.395392894744873047e+00
5.377737045288085938e+00,1.134447383880615234e+01,2.798481702804565430e+00,2.996353387832641602e+00
5.264254093170166016e+00,1.134447383880615234e+01,3.374447584152221680e+00,3.459558725357055664e+00
5.139570713043212891e+00,1.134447383880615234e+01,3.962609052658081055e+00,3.874235153198242188e+00
5.005183219909667969e+00,1.134447383880615234e+01,4.581941604614257812e+00,4.256182193756103516e+00
4.884186744689941406e+00,1.134447383880615234e+01,5.137558937072753906e+00,4.647311687469482422e+00
4.791780471801757812e+00,1.134447383880615234e+01,5.880063056945800781e+00,5.343801021575927734e+00
4.672496795654296875e+00,1.134447383880615234e+01,6.697291851043701172e+00,5.930910110473632812e+00
4.553344249725341797e+00,1.134447383880615234e+01,7.342100620269775391e+00,6.355303287506103516e+00
4.439808368682861328e+00,1.134447383880615234e+01,7.950045585632324219e+00,6.778581142425537109e+00
4.333687782287597656e+00,1.134447383880615234e+01,8.626442909240722656e+00,7.299387454986572266e+00
4.228212833404541016e+00,1.134447383880615234e+01,9.302610397338867188e+00,7.811915397644042969e+00
4.124006271362304688e+00,1.134447383880615234e+01,9.948351860046386719e+00,8.299520492553710938e+00
4.026767730712890625e+00,1.134447383880615234e+01,1.062185287475585938e+01,8.856397628784179688e+00
3.927811145782470703e+00,1.134447383880615234e+01,1.136039733886718750e+01,9.440209388732910156e+00
3.830283164978027344e+00,1.134447383880615234e+01,1.215755367279052734e+01,1.006939220428466797e+01
3.734077930450439453e+00,1.134447383880615234e+01,1.298355197906494141e+01,1.071727561950683594e+01
3.636507511138916016e+00,1.134447383880615234e+01,1.380732917785644531e+01,1.132782459259033203e+01
3.549980640411376953e+00,1.134447383880615234e+01,1.459159755706787109e+01,1.201890373229980469e+01
3.463786840438842773e+00,1.134447383880615234e+01,1.547968959808349609e+01,1.277349948883056641e+01
3.376147747039794922e+00,1.134447383880615234e+01,1.644773674011230469e+01,1.354274463653564453e+01
3.288043975830078125e+00,1.134447383880615234e+01,1.751311874389648438e+01,1.436626148223876953e+01
3.216331243515014648e+00,1.134447383880615234e+01,1.847302055358886719e+01,1.532295608520507812e+01
3.143626451492309570e+00,1.134447383880615234e+01,1.948283767700195312e+01,1.626582717895507812e+01
3.068695545196533203e+00,1.134447383880615234e+01,2.058454132080078125e+01,1.722964859008789062e+01
2.997520923614501953e+00,1.134447383880615234e+01,2.167340278625488281e+01,1.821426773071289062e+01
2.927474021911621094e+00,1.134447383880615234e+01,2.279147148132324219e+01,1.921023941040039062e+01
2.861282587051391602e+00,1.134447383880615234e+01,2.395413017272949219e+01,2.030638694763183594e+01
2.799044847488403320e+00,1.134447383880615234e+01,2.512551879882812500e+01,2.147826385498046875e+01
2.739437580108642578e+00,1.134447383880615234e+01,2.629268836975097656e+01,2.269193267822265625e+01
2.681159019470214844e+00,1.134447383880615234e+01,2.752879714965820312e+01,2.398006820678710938e+01
2.624272346496582031e+00,1.134447383880615234e+01,2.883508682250976562e+01,2.534446525573730469e+01
2.569266319274902344e+00,1.134447383880615234e+01,3.020399284362792969e+01,2.678108596801757812e+01
2.515002727508544922e+00,1.134447383880615234e+01,3.164917755126953125e+01,2.828368759155273438e+01
2.464548587799072266e+00,1.134447383880615234e+01,3.310156250000000000e+01,2.987324333190917969e+01
2.417233228683471680e+00,1.134447383880615234e+01,3.457321166992187500e+01,3.152526283264160156e+01
2.369288206100463867e+00,1.134447383880615234e+01,3.618495559692382812e+01,3.324111175537109375e+01
2.322990655899047852e+00,1.134447383880615234e+01,3.790842056274414062e+01,3.506565093994140625e+01
2.279033899307250977e+00,1.134447383880615234e+01,3.966059875488281250e+01,3.694826126098632812e+01
2.234994888305664062e+00,1.134447383880615234e+01,4.156975555419921875e+01,3.891141128540039062e+01
2.192356109619140625e+00,1.134447383880615234e+01,4.357637786865234375e+01,4.097296524047851562e+01
2.152277708053588867e+00,1.134447383880615234e+01,4.567457580566406250e+01,4.312496566772460938e+01
2.115036010742187500e+00,1.134447383880615234e+01,4.776465606689453125e+01,4.526326751708984375e+01
2.080328941345214844e+00,1.134447383880615234e+01,4.998891448974609375e+01,4.741574859619140625e+01
5.379218578338623047e+00,1.147453403472900391e+01,2.836339235305786133e+00,3.089449167251586914e+00
5.250462532043457031e+00,1.147453403472900391e+01,3.467063903808593750e+00,3.546558618545532227e+00
5.126712322235107422e+00,1.147453403472900391e+01,4.051278114318847656e+00,3.954149961471557617e+00
4.988007545471191406e+00,1.147453403472900391e+01,4.658495426177978516e+00,4.297082424163818359e+00
4.874273777008056641e+00,1.147453403472900391e+01,5.207469463348388672e+00,4.711287975311279297e+00
4.782640457153320312e+00,1.147453403472900391e+01,5.973973274230957031e+00,5.423929691314697266e+00
4.663836002349853516e+00,1.147453403472900391e+01,6.755598545074462891e+00,5.972774505615234375e+00
4.544958114624023438e+00,1.147453403472900391e+01,7.369788169860839844e+00,6.362311840057373047e+00
4.436573028564453125e+00,1.147453403472900391e+01,7.988427639007568359e+00,6.818676948547363281e+00
4.332209110260009766e+00,1.147453403472900391e+01,8.658258438110351562e+00,7.336690425872802734e+00
4.226770401000976562e+00,1.147453403472900391e+01,9.321912765502929688e+00,7.827041625976562500e+00
4.124223232269287109e+00,1.147453403472900391e+01,9.958356857299804688e+00,8.309020042419433594e+00
4.029084205627441406e+00,1.147453403472900391e+01,1.061845779418945312e+01,8.859492301940917969e+00
3.931973457336425781e+00,1.147453403472900391e+01,1.134442329406738281e+01,9.436384201049804688e+00
3.835695981979370117e+00,1.147453403472900391e+01,1.212963485717773438e+01,1.005422592163085938e+01
3.740626573562622070e+00,1.147453403472900391e+01,1.294075202941894531e+01,1.068743991851806641e+01
3.644764661788940430e+00,1.147453403472900391e+01,1.375446510314941406e+01,1.129218769073486328e+01
3.558167457580566406e+00,1.147453403472900391e+01,1.452890491485595703e+01,1.195954799652099609e+01
3.474548101425170898e+00,1.147453403472900391e+01,1.538593387603759766e+01,1.270440483093261719e+01
3.388515472412109375e+00,1.147453403472900391e+01,1.633044815063476562e+01,1.346179676055908203e+01
3.302188396453857422e+00,1.147453403472900391e+01,1.735653114318847656e+01,1.425993442535400391e+01
3.228587627410888672e+00,1.147453403472900391e+01,1.833907127380371094e+01,1.519149303436279297e+01
3.158418178558349609e+00,1.147453403472900391e+01,1.931176567077636719e+01,1.613043022155761719e+01
3.084518909454345703e+00,1.147453403472900391e+01,2.039339828491210938e+01,1.707811737060546875e+01
3.014088869094848633e+00,1.147453403472900391e+01,2.147548675537109375e+01,1.805652999877929688e+01
2.945496797561645508e+00,1.147453403472900391e+01,2.255130386352539062e+01,1.903030204772949219e+01
2.879455089569091797e+00,1.147453403472900391e+01,2.367985916137695312e+01,2.008212471008300781e+01
2.817493438720703125e+00,1.147453403472900391e+01,2.479503059387207031e+01,2.119395065307617188e+01
2.758790016174316406e+00,1.147453403472900391e+01,2.594516181945800781e+01,2.239551353454589844e+01
2.701282024383544922e+00,1.147453403472900391e+01,2.716667556762695312e+01,2.367364311218261719e+01
2.645199775695800781e+00,1.147453403472900391e+01,2.844381523132324219e+01,2.501498031616210938e+01
2.590395689010620117e+00,1.147453403472900391e+01,2.976767921447753906e+01,2.640050315856933594e+01
2.537142276763916016e+00,1.147453403472900391e+01,3.111767768859863281e+01,2.782563018798828125e+01
2.487324714660644531e+00,1.147453403472900391e+01,3.253329467773437500e+01,2.938440704345703125e+01
2.439593076705932617e+00,1.147453403472900391e+01,3.404437637329101562e+01,3.104478454589843750e+01
2.391574382781982422e+00,1.147453403472900391e+01,3.554793930053710938e+01,3.263578033447265625e+01
2.345902442932128906e+00,1.147453403472900391e+01,3.718981170654296875e+01,3.439473724365234375e+01
2.302416086196899414e+00,1.147453403472900391e+01,3.893127822875976562e+01,3.625566864013671875e+01
2.258614540100097656e+00,1.147453403472900391e+01,4.075602340698242188e+01,3.813409805297851562e+01
2.217574357986450195e+00,1.147453403472900391e+01,4.265708541870117188e+01,4.014339447021484375e+01
2.176718235015869141e+00,1.147453403472900391e+01,4.471119308471679688e+01,4.221703720092773438e+01
2.139881372451782227e+00,1.147453403472900391e+01,4.677890396118164062e+01,4.431609344482421875e+01
2.106104373931884766e+00,1.147453403472900391e+01,4.878644561767578125e+01,4.628331375122070312e+01
5.468653202056884766e+00,1.160464382171630859e+01,2.365016937255859375e+00,2.665733575820922852e+00
5.365197658538818359e+00,1.160464382171630859e+01,2.959553480148315430e+00,3.210400581359863281e+00
5.238964080810546875e+00,1.160464382171630859e+01,3.581903219223022461e+00,3.661121368408203125e+00
5.119787693023681641e+00,1.160464382171630859e+01,4.125072956085205078e+00,4.042028903961181641e+00
4.972215652465820312e+00,1.160464382171630859e+01,4.724549293518066406e+00,4.330296993255615234e+00
4.864620208740234375e+00,1.160464382171630859e+01,5.275432109832763672e+00,4.767996788024902344e+00
4.774881362915039062e+00,1.160464382171630859e+01,6.044201374053955078e+00,5.483364105224609375e+00
4.655386924743652344e+00,1.160464382171630859e+01,6.786922931671142578e+00,5.985031604766845703e+00
4.538587570190429688e+00,1.160464382171630859e+01,7.397435665130615234e+00,6.375810146331787109e+00
4.434525489807128906e+00,1.160464382171630859e+01,8.020489692687988281e+00,6.854805946350097656e+00
4.331820487976074219e+00,1.160464382171630859e+01,8.681891441345214844e+00,7.366783618927001953e+00
4.226369380950927734e+00,1.160464382171630859e+01,9.334893226623535156e+00,7.837984561920166016e+00
4.125708580017089844e+00,1.160464382171630859e+01,9.960075378417968750e+00,8.313191413879394531e+00
4.032540321350097656e+00,1.160464382171630859e+01,1.060773372650146484e+01,8.858411788940429688e+00
3.937032222747802734e+00,1.160464382171630859e+01,1.132289886474609375e+01,9.429059982299804688e+00
3.842385292053222656e+00,1.160464382171630859e+01,1.209345054626464844e+01,1.003710746765136719e+01
3.748659610748291016e+00,1.160464382171630859e+01,1.288605403900146484e+01,1.065437030792236328e+01
3.653774023056030273e+00,1.160464382171630859e+01,1.369507503509521484e+01,1.125284385681152344e+01
3.567471027374267578e+00,1.160464382171630859e+01,1.445770263671875000e+01,1.189770030975341797e+01
3.485588073730468750e+00,1.160464382171630859e+01,1.529119873046875000e+01,1.263125038146972656e+01
3.401253223419189453e+00,1.160464382171630859e+01,1.621253204345703125e+01,1.337666511535644531e+01
3.316524505615234375e+00,1.160464382171630859e+01,1.720561218261718750e+01,1.415215206146240234e+01
3.240970134735107422e+00,1.160464382171630859e+01,1.821330642700195312e+01,1.506210613250732422e+01
3.173566818237304688e+00,1.160464382171630859e+01,1.914851760864257812e+01,1.599887084960937500e+01
3.100654602050781250e+00,1.160464382171630859e+01,2.020961189270019531e+01,1.693094253540039062e+01
3.030792474746704102e+00,1.160464382171630859e+01,2.128386497497558594e+01,1.790267944335937500e+01
2.963881731033325195e+00,1.160464382171630859e+01,2.228621101379394531e+01,1.882790946960449219e+01
2.898169994354248047e+00,1.160464382171630859e+01,2.337481307983398438e+01,1.983441734313964844e+01
2.836493730545043945e+00,1.160464382171630859e+01,2.448667907714843750e+01,2.093504714965820312e+01
2.778333187103271484e+00,1.160464382171630859e+01,2.562290573120117188e+01,2.211940383911132812e+01
2.721586227416992188e+00,1.160464382171630859e+01,2.681432914733886719e+01,2.337325477600097656e+01
2.665821552276611328e+00,1.160464382171630859e+01,2.804928779602050781e+01,2.466804504394531250e+01
2.611229658126831055e+00,1.160464382171630859e+01,2.930513763427734375e+01,2.598520851135253906e+01
2.558812141418457031e+00,1.160464382171630859e+01,3.061498641967773438e+01,2.737905502319335938e+01
2.509060859680175781e+00,1.160464382171630859e+01,3.203230667114257812e+01,2.891815376281738281e+01
2.460026264190673828e+00,1.160464382171630859e+01,3.348072433471679688e+01,3.046629142761230469e+01
2.414549827575683594e+00,1.160464382171630859e+01,3.492010498046875000e+01,3.206453704833984375e+01
2.369891881942749023e+00,1.160464382171630859e+01,3.649107360839843750e+01,3.377464675903320312e+01
2.325303792953491211e+00,1.160464382171630859e+01,3.820589828491210938e+01,3.555181884765625000e+01
2.283372402191162109e+00,1.160464382171630859e+01,3.993024063110351562e+01,3.739127731323242188e+01
2.241465330123901367e+00,1.160464382171630859e+01,4.181581115722656250e+01,3.932648086547851562e+01
2.201377868652343750e+00,1.160464382171630859e+01,4.380433273315429688e+01,4.135326385498046875e+01
2.164289951324462891e+00,1.160464382171630859e+01,4.580849075317382812e+01,4.336084747314453125e+01
2.133205890655517578e+00,1.160464382171630859e+01,4.753604888916015625e+01,4.516523742675781250e+01
5.536405563354492188e+00,1.173470401763916016e+01,1.910945296287536621e+00,2.179238557815551758e+00
5.444513797760009766e+00,1.173470401763916016e+01,2.503112316131591797e+00,2.771228790283203125e+00
5.345018386840820312e+00,1.173470401763916016e+01,3.073496580123901367e+00,3.290929555892944336e+00
5.224422454833984375e+00,1.173470401763916016e+01,3.665016412734985352e+00,3.725720882415771484e+00
5.105313301086425781e+00,1.173470401763916016e+01,4.209207534790039062e+00,4.100096225738525391e+00
4.955405235290527344e+00,1.173470401763916016e+01,4.793676853179931641e+00,4.356933116912841797e+00
4.856421947479248047e+00,1.173470401763916016e+01,5.339956760406494141e+00,4.823789596557617188e+00
4.766257762908935547e+00,1.173470401763916016e+01,6.104177474975585938e+00,5.523533821105957031e+00
4.647152900695800781e+00,1.173470401763916016e+01,6.810816764831542969e+00,5.985623359680175781e+00
4.535274028778076172e+00,1.173470401763916016e+01,7.433769226074218750e+00,6.410402774810791016e+00
4.433357238769531250e+00,1.173470401763916016e+01,8.047726631164550781e+00,6.886901855468750000e+00
4.331954002380371094e+00,1.173470401763916016e+01,8.698566436767578125e+00,7.388795375823974609e+00
4.227151870727539062e+00,1.173470401763916016e+01,9.340798377990722656e+00,7.844702720642089844e+00
4.128303050994873047e+00,1.173470401763916016e+01,9.954969406127929688e+00,8.313731193542480469e+00
4.036613464355468750e+00,1.173470401763916016e+01,1.059213542938232422e+01,8.851905822753906250e+00
3.943043708801269531e+00,1.173470401763916016e+01,1.129535961151123047e+01,9.418004989624023438e+00
3.850137710571289062e+00,1.173470401763916016e+01,1.204913806915283203e+01,1.001668834686279297e+01
3.757167339324951172e+00,1.173470401763916016e+01,1.282784080505371094e+01,1.061746215820312500e+01
3.663606405258178711e+00,1.173470401763916016e+01,1.362943267822265625e+01,1.120982456207275391e+01
3.577364921569824219e+00,1.173470401763916016e+01,1.438019180297851562e+01,1.183202552795410156e+01
3.497241973876953125e+00,1.173470401763916016e+01,1.519114685058593750e+01,1.255430889129638672e+01
3.414198637008666992e+00,1.173470401763916016e+01,1.609370040893554688e+01,1.328761100769042969e+01
3.330864429473876953e+00,1.173470401763916016e+01,1.705935859680175781e+01,1.404473304748535156e+01
3.253172397613525391e+00,1.173470401763916016e+01,1.809748649597167969e+01,1.493081855773925781e+01
3.189090728759765625e+00,1.173470401763916016e+01,1.898811149597167969e+01,1.586925983428955078e+01
3.117400169372558594e+00,1.173470401763916016e+01,2.001448631286621094e+01,1.677749443054199219e+01
3.048178672790527344e+00,1.173470401763916016e+01,2.104133796691894531e+01,1.770957946777343750e+01
2.982290029525756836e+00,1.173470401763916016e+01,2.202019500732421875e+01,1.862234687805175781e+01
2.917258501052856445e+00,1.173470401763916016e+01,2.309755706787109375e+01,1.961577415466308594e+01
2.855849266052246094e+00,1.173470401763916016e+01,2.419193840026855469e+01,2.068848991394042969e+01
2.797943592071533203e+00,1.173470401763916016e+01,2.531165122985839844e+01,2.185098648071289062e+01
2.741395950317382812e+00,1.173470401763916016e+01,2.645726394653320312e+01,2.305148315429687500e+01
2.686007499694824219e+00,1.173470401763916016e+01,2.763382339477539062e+01,2.428764152526855469e+01
2.631992101669311523e+00,1.173470401763916016e+01,2.886851882934570312e+01,2.558495903015136719e+01
2.580201864242553711e+00,1.173470401763916016e+01,3.017232704162597656e+01,2.697480392456054688e+01
2.529669523239135742e+00,1.173470401763916016e+01,3.152285194396972656e+01,2.841269683837890625e+01
2.482485771179199219e+00,1.173470401763916016e+01,3.289447784423828125e+01,2.992959785461425781e+01
2.437973976135253906e+00,1.173470401763916016e+01,3.432037353515625000e+01,3.153685569763183594e+01
2.392095327377319336e+00,1.173470401763916016e+01,3.584125518798828125e+01,3.313191604614257812e+01
2.349220991134643555e+00,1.173470401763916016e+01,3.746258926391601562e+01,3.487158203125000000e+01
2.307294845581054688e+00,1.173470401763916016e+01,3.916580581665039062e+01,3.667785644531250000e+01
2.265425682067871094e+00,1.173470401763916016e+01,4.099691009521484375e+01,3.854081344604492188e+01
2.226355075836181641e+00,1.173470401763916016e+01,4.288103485107421875e+01,4.049552536010742188e+01
2.190017223358154297e+00,1.173470401763916016e+01,4.474916458129882812e+01,4.239030456542968750e+01
2.157621383666992188e+00,1.173470401763916016e+01,4.661914062500000000e+01,4.421488189697265625e+01
5.513000488281250000e+00,1.186476421356201172e+01,4.798544943332672119e-01,4.534689784049987793e-01
5.522831916809082031e+00,1.186476421356201172e+01,1.984823107719421387e+00,2.254120111465454102e+00
5.426337718963623047e+00,1.186476421356201172e+01,2.619986295700073242e+00,2.869959115982055664e+00
5.328390598297119141e+00,1.186476421356201172e+01,3.191840171813964844e+00,3.386872768402099609e+00
5.207338809967041016e+00,1.186476421356201172e+01,3.761157274246215820e+00,3.787725687026977539e+00
5.091805458068847656e+00,1.186476421356201172e+01,4.289092540740966797e+00,4.153367042541503906e+00
4.946046829223632812e+00,1.186476421356201172e+01,4.851300239562988281e+00,4.404026985168457031e+00
4.848683834075927734e+00,1.186476421356201172e+01,5.396311759948730469e+00,4.871071815490722656e+00
4.757242202758789062e+00,1.186476421356201172e+01,6.140314102172851562e+00,5.533798217773437500e+00
4.641868591308593750e+00,1.186476421356201172e+01,6.842780590057373047e+00,6.006679058074951172e+00
4.533269405364990234e+00,1.186476421356201172e+01,7.463562011718750000e+00,6.440893173217773438e+00
4.432919502258300781e+00,1.186476421356201172e+01,8.069519042968750000e+00,6.912838935852050781e+00
4.331958770751953125e+00,1.186476421356201172e+01,8.711460113525390625e+00,7.401195526123046875e+00
4.228706359863281250e+00,1.186476421356201172e+01,9.342388153076171875e+00,7.849106788635253906e+00
4.131445884704589844e+00,1.186476421356201172e+01,9.946344375610351562e+00,8.311514854431152344e+00
4.041171073913574219e+00,1.186476421356201172e+01,1.057214546203613281e+01,8.839846611022949219e+00
3.949922561645507812e+00,1.186476421356201172e+01,1.126174736022949219e+01,9.403321266174316406e+00
3.859122753143310547e+00,1.186476421356201172e+01,1.199952411651611328e+01,9.997562408447265625e+00
3.766294002532958984e+00,1.186476421356201172e+01,1.276599311828613281e+01,1.057766342163085938e+01
3.674028396606445312e+00,1.186476421356201172e+01,1.355993747711181641e+01,1.116499233245849609e+01
3.587887287139892578e+00,1.186476421356201172e+01,1.429737091064453125e+01,1.176407432556152344e+01
3.509684562683105469e+00,1.186476421356201172e+01,1.508364486694335938e+01,1.247484397888183594e+01
3.427704811096191406e+00,1.186476421356201172e+01,1.596868419647216797e+01,1.319521713256835938e+01
3.346316337585449219e+00,1.186476421356201172e+01,1.690492057800292969e+01,1.393823432922363281e+01
3.266205072402954102e+00,1.186476421356201172e+01,1.796950531005859375e+01,1.479820442199707031e+01
3.204081535339355469e+00,1.186476421356201172e+01,1.880967521667480469e+01,1.571129512786865234e+01
3.134506464004516602e+00,1.186476421356201172e+01,1.978329086303710938e+01,1.659549331665039062e+01
3.065925598144531250e+00,1.186476421356201172e+01,2.079713821411132812e+01,1.751476287841796875e+01
3.000987529754638672e+00,1.186476421356201172e+01,2.178011512756347656e+01,1.843629264831542969e+01
2.936507701873779297e+00,1.186476421356201172e+01,2.282541656494140625e+01,1.940022087097167969e+01
2.875401020050048828e+00,1.186476421356201172e+01,2.390893936157226562e+01,2.045690155029296875e+01
2.817165374755859375e+00,1.186476421356201172e+01,2.498777198791503906e+01,2.155817985534667969e+01
2.761182785034179688e+00,1.186476421356201172e+01,2.608174324035644531e+01,2.271102142333984375e+01
2.706828355789184570e+00,1.186476421356201172e+01,2.723404693603515625e+01,2.393549728393554688e+01
2.654151916503906250e+00,1.186476421356201172e+01,2.845402908325195312e+01,2.523998641967773438e+01
2.602472066879272461e+00,1.186476421356201172e+01,2.969970130920410156e+01,2.656599617004394531e+01
2.552443027496337891e+00,1.186476421356201172e+01,3.098131942749023438e+01,2.793891525268554688e+01
2.506067276000976562e+00,1.186476421356201172e+01,3.231834793090820312e+01,2.943466567993164062e+01
2.460261344909667969e+00,1.186476421356201172e+01,3.374940109252929688e+01,3.099369049072265625e+01
2.415541887283325195e+00,1.186476421356201172e+01,3.518096160888671875e+01,3.252568435668945312e+01
2.373720169067382812e+00,1.186476421356201172e+01,3.671363449096679688e+01,3.420765304565429688e+01
2.330529928207397461e+00,1.186476421356201172e+01,3.842664718627929688e+01,3.595500946044921875e+01
2.290232181549072266e+00,1.186476421356201172e+01,4.014608383178710938e+01,3.777028656005859375e+01
2.250815868377685547e+00,1.186476421356201172e+01,4.197956466674804688e+01,3.964439773559570312e+01
2.214695453643798828e+00,1.186476421356201172e+01,4.383344650268554688e+01,4.153038024902343750e+01
2.182693481445312500e+00,1.186476421356201172e+01,4.556769561767578125e+01,4.321662902832031250e+01
5.510803222656250000e+00,1.199487209320068359e+01,2.079436063766479492e+00,2.355138778686523438e+00
5.404244422912597656e+00,1.199487209320068359e+01,2.727929115295410156e+00,2.940053701400756836e+00
5.310315132141113281e+00,1.199487209320068359e+01,3.269126415252685547e+00,3.429803371429443359e+00
5.194279670715332031e+00,1.199487209320068359e+01,3.827600002288818359e+00,3.832372188568115234e+00
5.077909946441650391e+00,1.199487209320068359e+01,4.379394531250000000e+00,4.210131168365478516e+00
4.938057899475097656e+00,1.199487209320068359e+01,4.897797107696533203e+00,4.442922115325927734e+00
4.840888500213623047e+00,1.199487209320068359e+01,5.442688465118408203e+00,4.901756763458251953e+00
4.749770164489746094e+00,1.199487209320068359e+01,6.179617404937744141e+00,5.551589488983154297e+00
4.638813972473144531e+00,1.199487209320068359e+01,6.878816127777099609e+00,6.039831161499023438e+00
4.532178878784179688e+00,1.199487209320068359e+01,7.488504886627197266e+00,6.468153476715087891e+00
4.433453083038330078e+00,1.199487209320068359e+01,8.084632873535156250e+00,6.934800624847412109e+00
4.333242416381835938e+00,1.199487209320068359e+01,8.716297149658203125e+00,7.410180091857910156e+00
4.231095790863037109e+00,1.199487209320068359e+01,9.338961601257324219e+00,7.850749492645263672e+00
4.135559558868408203e+00,1.199487209320068359e+01,9.931796073913574219e+00,8.305441856384277344e+00
4.046335220336914062e+00,1.199487209320068359e+01,1.054794979095458984e+01,8.823999404907226562e+00
3.956330060958862305e+00,1.199487209320068359e+01,1.122715663909912109e+01,9.379558563232421875e+00
3.868029594421386719e+00,1.199487209320068359e+01,1.194787979125976562e+01,9.970727920532226562e+00
3.776885271072387695e+00,1.199487209320068359e+01,1.270539855957031250e+01,1.054939365386962891e+01
3.685002326965332031e+00,1.199487209320068359e+01,1.348818969726562500e+01,1.112038898468017578e+01
3.599296569824218750e+00,1.199487209320068359e+01,1.420712661743164062e+01,1.169280242919921875e+01
3.522452831268310547e+00,1.199487209320068359e+01,1.497215652465820312e+01,1.239227581024169922e+01
3.441820144653320312e+00,1.199487209320068359e+01,1.583371353149414062e+01,1.309814167022705078e+01
3.361273765563964844e+00,1.199487209320068359e+01,1.674451828002929688e+01,1.381877040863037109e+01
3.283197641372680664e+00,1.199487209320068359e+01,1.775846290588378906e+01,1.464711284637451172e+01
3.218785524368286133e+00,1.199487209320068359e+01,1.862470626831054688e+01,1.553725624084472656e+01
3.151782989501953125e+00,1.199487209320068359e+01,1.956394577026367188e+01,1.642143058776855469e+01
3.083800554275512695e+00,1.199487209320068359e+01,2.056812286376953125e+01,1.733018875122070312e+01
3.019399642944335938e+00,1.199487209320068359e+01,2.155355834960937500e+01,1.825495338439941406e+01
2.956388711929321289e+00,1.199487209320068359e+01,2.255917358398437500e+01,1.919633865356445312e+01
2.894780635833740234e+00,1.199487209320068359e+01,2.360384368896484375e+01,2.019513130187988281e+01
2.836817026138305664e+00,1.199487209320068359e+01,2.464477157592773438e+01,2.125437355041503906e+01
2.782062053680419922e+00,1.199487209320068359e+01,2.571720886230468750e+01,2.240031623840332031e+01
2.728644132614135742e+00,1.199487209320068359e+01,2.686086273193359375e+01,2.362376594543457031e+01
2.675967693328857422e+00,1.199487209320068359e+01,2.802898216247558594e+01,2.487203598022460938e+01
2.624729633331298828e+00,1.199487209320068359e+01,2.921636009216308594e+01,2.614292526245117188e+01
2.575892925262451172e+00,1.199487209320068359e+01,3.045807075500488281e+01,2.749897384643554688e+01
2.528677940368652344e+00,1.199487209320068359e+01,3.179077339172363281e+01,2.895016288757324219e+01
2.482088804244995117e+00,1.199487209320068359e+01,3.315938186645507812e+01,3.041166305541992188e+01
2.439634561538696289e+00,1.199487209320068359e+01,3.454090499877929688e+01,3.196136283874511719e+01
2.396166324615478516e+00,1.199487209320068359e+01,3.605241394042968750e+01,3.354576110839843750e+01
2.354846000671386719e+00,1.199487209320068359e+01,3.766461563110351562e+01,3.525461959838867188e+01
2.314759731292724609e+00,1.199487209320068359e+01,3.933904647827148438e+01,3.702167510986328125e+01
2.275162458419799805e+00,1.199487209320068359e+01,4.114697265625000000e+01,3.885204315185546875e+01
2.238780021667480469e+00,1.199487209320068359e+01,4.296777343750000000e+01,4.068656539916992188e+01
2.208660364151000977e+00,1.199487209320068359e+01,4.449419784545898438e+01,4.226210784912109375e+01
5.398638725280761719e+00,1.212493228912353516e+01,2.777260780334472656e+00,3.005686044692993164e+00
5.291083335876464844e+00,1.212493228912353516e+01,3.319216251373291016e+00,3.433493614196777344e+00
5.179342746734619141e+00,1.212493228912353516e+01,3.874095678329467773e+00,3.845246553421020508e+00
5.063000202178955078e+00,1.212493228912353516e+01,4.433156490325927734e+00,4.221860885620117188e+00
4.930170536041259766e+00,1.212493228912353516e+01,4.935774326324462891e+00,4.468327522277832031e+00
4.834456443786621094e+00,1.212493228912353516e+01,5.488918781280517578e+00,4.935021400451660156e+00
4.746283054351806641e+00,1.212493228912353516e+01,6.225123405456542969e+00,5.592788219451904297e+00
4.637012481689453125e+00,1.212493228912353516e+01,6.908621788024902344e+00,6.069248676300048828e+00
4.531781673431396484e+00,1.212493228912353516e+01,7.509295940399169922e+00,6.492426395416259766e+00
4.434859275817871094e+00,1.212493228912353516e+01,8.093155860900878906e+00,6.951384544372558594e+00
4.335097312927246094e+00,1.212493228912353516e+01,8.717241287231445312e+00,7.415237903594970703e+00
4.234796047210693359e+00,1.212493228912353516e+01,9.328270912170410156e+00,7.848294734954833984e+00
4.140372753143310547e+00,1.212493228912353516e+01,9.912916183471679688e+00,8.296616554260253906e+00
4.052020549774169922e+00,1.212493228912353516e+01,1.052005481719970703e+01,8.805191040039062500e+00
3.963515043258666992e+00,1.212493228912353516e+01,1.118601608276367188e+01,9.350172996520996094e+00
3.876241207122802734e+00,1.212493228912353516e+01,1.189575767517089844e+01,9.933190345764160156e+00
3.787030696868896484e+00,1.212493228912353516e+01,1.263911724090576172e+01,1.050620365142822266e+01
3.697701454162597656e+00,1.212493228912353516e+01,1.340359973907470703e+01,1.107655525207519531e+01
3.611422061920166016e+00,1.212493228912353516e+01,1.412345504760742188e+01,1.163215541839599609e+01
3.535052776336669922e+00,1.212493228912353516e+01,1.486181449890136719e+01,1.230155467987060547e+01
3.455996036529541016e+00,1.212493228912353516e+01,1.569794654846191406e+01,1.299517917633056641e+01
3.376626968383789062e+00,1.212493228912353516e+01,1.659243965148925781e+01,1.370825099945068359e+01
3.299322128295898438e+00,1.212493228912353516e+01,1.756295585632324219e+01,1.449687862396240234e+01
3.233574151992797852e+00,1.212493228912353516e+01,1.845190620422363281e+01,1.537186622619628906e+01
3.169229507446289062e+00,1.212493228912353516e+01,1.935852813720703125e+01,1.625604057312011719e+01
3.101840496063232422e+00,1.212493228912353516e+01,2.035190963745117188e+01,1.715324592590332031e+01
3.037943840026855469e+00,1.212493228912353516e+01,2.134042549133300781e+01,1.808135032653808594e+01
2.975553035736083984e+00,1.212493228912353516e+01,2.227840232849121094e+01,1.896706008911132812e+01
2.914759397506713867e+00,1.212493228912353516e+01,2.328445816040039062e+01,1.992906761169433594e+01
2.857303142547607422e+00,1.212493228912353516e+01,2.431572914123535156e+01,2.097557449340820312e+01
2.803200483322143555e+00,1.212493228912353516e+01,2.538229751586914062e+01,2.211920166015625000e+01
2.749764204025268555e+00,1.212493228912353516e+01,2.647847938537597656e+01,2.329063034057617188e+01
2.697465658187866211e+00,1.212493228912353516e+01,2.759042549133300781e+01,2.447796821594238281e+01
2.646337270736694336e+00,1.212493228912353516e+01,2.876787757873535156e+01,2.573188018798828125e+01
2.597190141677856445e+00,1.212493228912353516e+01,3.001009178161621094e+01,2.706485366821289062e+01
2.549829483032226562e+00,1.212493228912353516e+01,3.125793457031250000e+01,2.841649436950683594e+01
2.505493164062500000e+00,1.212493228912353516e+01,3.255841827392578125e+01,2.987368011474609375e+01
2.462885856628417969e+00,1.212493228912353516e+01,3.393997573852539062e+01,3.140200996398925781e+01
2.419648170471191406e+00,1.212493228912353516e+01,3.537457656860351562e+01,3.291141510009765625e+01
2.379913330078125000e+00,1.212493228912353516e+01,3.689915847778320312e+01,3.458850479125976562e+01
2.338303565979003906e+00,1.212493228912353516e+01,3.859806823730468750e+01,3.630283355712890625e+01
2.300262689590454102e+00,1.212493228912353516e+01,4.029518127441406250e+01,3.807921981811523438e+01
2.263884305953979492e+00,1.212493228912353516e+01,4.202414321899414062e+01,3.981368637084960938e+01
2.232889413833618164e+00,1.212493228912353516e+01,4.365180969238281250e+01,4.144178390502929688e+01
5.279512882232666016e+00,1.225504207611083984e+01,3.386652946472167969e+00,3.485501766204833984e+00
5.166975021362304688e+00,1.225504207611083984e+01,3.918413877487182617e+00,3.862393856048583984e+00
5.049325466156005859e+00,1.225504207611083984e+01,4.478755950927734375e+00,4.227921962738037109e+00
4.924084186553955078e+00,1.225504207611083984e+01,4.976279258728027344e+00,4.501262664794921875e+00
4.830555915832519531e+00,1.225504207611083984e+01,5.537426471710205078e+00,4.979566574096679688e+00
4.744223594665527344e+00,1.225504207611083984e+01,6.262527465820312500e+00,5.629141807556152344e+00
4.636126518249511719e+00,1.225504207611083984e+01,6.933151245117187500e+00,6.094791889190673828e+00
4.532431125640869141e+00,1.225504207611083984e+01,7.522741317749023438e+00,6.509807586669921875e+00
4.436532020568847656e+00,1.225504207611083984e+01,8.098324775695800781e+00,6.961188793182373047e+00
4.338236331939697266e+00,1.225504207611083984e+01,8.710100173950195312e+00,7.414732456207275391e+00
4.239234447479248047e+00,1.225504207611083984e+01,9.313197135925292969e+00,7.843247890472412109e+00
4.145877361297607422e+00,1.225504207611083984e+01,9.889920234680175781e+00,8.285020828247070312e+00
4.058465957641601562e+00,1.225504207611083984e+01,1.048668861389160156e+01,8.781803131103515625e+00
3.971113920211791992e+00,1.225504207611083984e+01,1.114174461364746094e+01,9.318003654479980469e+00
3.885151147842407227e+00,1.225504207611083984e+01,1.183730888366699219e+01,9.888991355895996094e+00
3.797500610351562500e+00,1.225504207611083984e+01,1.256837558746337891e+01,1.045728397369384766e+01
3.709795236587524414e+00,1.225504207611083984e+01,1.332057571411132812e+01,1.102380466461181641e+01
3.624036073684692383e+00,1.225504207611083984e+01,1.403900241851806641e+01,1.157159042358398438e+01
3.548021793365478516e+00,1.225504207611083984e+01,1.475588607788085938e+01,1.221659660339355469e+01
3.470582485198974609e+00,1.225504207611083984e+01,1.556705188751220703e+01,1.289908409118652344e+01
3.392407894134521484e+00,1.225504207611083984e+01,1.643912887573242188e+01,1.359362888336181641e+01
3.315221786499023438e+00,1.225504207611083984e+01,1.737808418273925781e+01,1.434457874298095703e+01
3.248402833938598633e+00,1.225504207611083984e+01,1.829089927673339844e+01,1.521291446685791016e+01
3.186671018600463867e+00,1.225504207611083984e+01,1.916766738891601562e+01,1.610115814208984375e+01
3.119921207427978516e+00,1.225504207611083984e+01,2.015119171142578125e+01,1.698753166198730469e+01
3.056542396545410156e+00,1.225504207611083984e+01,2.108253860473632812e+01,1.786813735961914062e+01
2.995411634445190430e+00,1.225504207611083984e+01,2.199142646789550781e+01,1.873754692077636719e+01
2.935251951217651367e+00,1.225504207611083984e+01,2.298179244995117188e+01,1.968675804138183594e+01
2.878080606460571289e+00,1.225504207611083984e+01,2.401041221618652344e+01,2.072241020202636719e+01
2.823707342147827148e+00,1.225504207611083984e+01,2.504088020324707031e+01,2.181407546997070312e+01
2.770509958267211914e+00,1.225504207611083984e+01,2.608160591125488281e+01,2.292811965942382812e+01
2.718425750732421875e+00,1.225504207611083984e+01,2.718796539306640625e+01,2.410296630859375000e+01
2.668684005737304688e+00,1.225504207611083984e+01,2.834896087646484375e+01,2.536245346069335938e+01
2.619781494140625000e+00,1.225504207611083984e+01,2.950218963623046875e+01,2.661017227172851562e+01
2.573323726654052734e+00,1.225504207611083984e+01,3.070580482482910156e+01,2.793288230895996094e+01
2.530036687850952148e+00,1.225504207611083984e+01,3.197548294067382812e+01,2.937875366210937500e+01
2.485672712326049805e+00,1.225504207611083984e+01,3.333365631103515625e+01,3.082087707519531250e+01
2.444279909133911133e+00,1.225504207611083984e+01,3.469757080078125000e+01,3.231787490844726562e+01
2.402614593505859375e+00,1.225504207611083984e+01,3.621524047851562500e+01,3.390442657470703125e+01
2.362332820892333984e+00,1.225504207611083984e+01,3.783611297607421875e+01,3.559780502319335938e+01
2.324097156524658203e+00,1.225504207611083984e+01,3.949063110351562500e+01,3.731741333007812500e+01
2.288714885711669922e+00,1.225504207611083984e+01,4.115314483642578125e+01,3.901488113403320312e+01
2.256645679473876953e+00,1.225504207611083984e+01,4.279946899414062500e+01,4.060932540893554688e+01
5.487401008605957031e+00,1.238510227203369141e+01,2.325952053070068359e+00,2.636440277099609375e+00
5.391261577606201172e+00,1.238510227203369141e+01,2.873740196228027344e+00,3.136891603469848633e+00
5.271032333374023438e+00,1.238510227203369141e+01,3.442682027816772461e+00,3.534455060958862305e+00
5.157865524291992188e+00,1.238510227203369141e+01,3.969916105270385742e+00,3.898175001144409180e+00
5.040192604064941406e+00,1.238510227203369141e+01,4.526456832885742188e+00,4.253322124481201172e+00
4.919329166412353516e+00,1.238510227203369141e+01,5.014182567596435547e+00,4.533616542816162109e+00
4.827984809875488281e+00,1.238510227203369141e+01,5.578724384307861328e+00,5.018582344055175781e+00
4.742781162261962891e+00,1.238510227203369141e+01,6.295692443847656250e+00,5.662197589874267578e+00
4.636127948760986328e+00,1.238510227203369141e+01,6.951556682586669922e+00,6.115696907043457031e+00
4.533712387084960938e+00,1.238510227203369141e+01,7.531381130218505859e+00,6.522600650787353516e+00
4.439150333404541016e+00,1.238510227203369141e+01,8.095371246337890625e+00,6.964573383331298828e+00
4.341829776763916016e+00,1.238510227203369141e+01,8.700102806091308594e+00,7.412194252014160156e+00
4.244427204132080078e+00,1.238510227203369141e+01,9.293960571289062500e+00,7.835730075836181641e+00
4.152186393737792969e+00,1.238510227203369141e+01,9.862116813659667969e+00,8.268926620483398438e+00
4.066083908081054688e+00,1.238510227203369141e+01,1.044607925415039062e+01,8.756304740905761719e+00
3.979226589202880859e+00,1.238510227203369141e+01,1.109301853179931641e+01,9.280625343322753906e+00
3.894707202911376953e+00,1.238510227203369141e+01,1.177320003509521484e+01,9.842733383178710938e+00
3.808253765106201172e+00,1.238510227203369141e+01,1.249361133575439453e+01,1.040368366241455078e+01
3.722542047500610352e+00,1.238510227203369141e+01,1.322856330871582031e+01,1.096658039093017578e+01
3.636847496032714844e+00,1.238510227203369141e+01,1.395018100738525391e+01,1.150442123413085938e+01
3.561210632324218750e+00,1.238510227203369141e+01,1.464540958404541016e+01,1.212487316131591797e+01
3.485500812530517578e+00,1.238510227203369141e+01,1.543113708496093750e+01,1.279680919647216797e+01
3.408708095550537109e+00,1.238510227203369141e+01,1.628191375732421875e+01,1.348277759552001953e+01
3.332909584045410156e+00,1.238510227203369141e+01,1.718750190734863281e+01,1.420891571044921875e+01
3.263203620910644531e+00,1.238510227203369141e+01,1.814399528503417969e+01,1.505893325805664062e+01
3.203954696655273438e+00,1.238510227203369141e+01,1.897799301147460938e+01,1.593982696533203125e+01
3.138653755187988281e+00,1.238510227203369141e+01,1.989381790161132812e+01,1.677960586547851562e+01
3.075621128082275391e+00,1.238510227203369141e+01,2.082166290283203125e+01,1.765571784973144531e+01
3.015600681304931641e+00,1.238510227203369141e+01,2.172566986083984375e+01,1.853172492980957031e+01
2.956081390380859375e+00,1.238510227203369141e+01,2.269924736022949219e+01,1.946384620666503906e+01
2.898821353912353516e+00,1.238510227203369141e+01,2.369324111938476562e+01,2.045362663269042969e+01
2.843715190887451172e+00,1.238510227203369141e+01,2.468500137329101562e+01,2.148255920410156250e+01
2.791466474533081055e+00,1.238510227203369141e+01,2.571036720275878906e+01,2.258854866027832031e+01
2.740999937057495117e+00,1.238510227203369141e+01,2.679710578918457031e+01,2.377278709411621094e+01
2.691143751144409180e+00,1.238510227203369141e+01,2.788780403137207031e+01,2.495881462097167969e+01
2.642993927001953125e+00,1.238510227203369141e+01,2.900814247131347656e+01,2.618484115600585938e+01
2.597639322280883789e+00,1.238510227203369141e+01,3.018300056457519531e+01,2.750025367736816406e+01
2.552227973937988281e+00,1.238510227203369141e+01,3.143321990966796875e+01,2.884529495239257812e+01
2.509012699127197266e+00,1.238510227203369141e+01,3.271311950683593750e+01,3.024256134033203125e+01
2.468205928802490234e+00,1.238510227203369141e+01,3.406665039062500000e+01,3.173776435852050781e+01
2.426345348358154297e+00,1.238510227203369141e+01,3.551721191406250000e+01,3.324153900146484375e+01
2.387558937072753906e+00,1.238510227203369141e+01,3.705287170410156250e+01,3.490644454956054688e+01
2.348188638687133789e+00,1.238510227203369141e+01,3.870758056640625000e+01,3.658135604858398438e+01
2.312782287597656250e+00,1.238510227203369141e+01,4.036194992065429688e+01,3.826884841918945312e+01
2.281724929809570312e+00,1.238510227203369141e+01,4.184864807128906250e+01,3.975774002075195312e+01
5.553476333618164062e+00,1.251521205902099609e+01,1.879869699478149414e+00,2.154999017715454102e+00
5.473354339599609375e+00,1.251521205902099609e+01,2.406253814697265625e+00,2.699986934661865234e+00
5.382691860198974609e+00,1.251521205902099609e+01,2.943192720413208008e+00,3.201171398162841797e+00
5.264428615570068359e+00,1.251521205902099609e+01,3.508458852767944336e+00,3.597869634628295898e+00
5.151073932647705078e+00,1.251521205902099609e+01,4.015559196472167969e+00,3.934806823730468750e+00
5.032407760620117188e+00,1.251521205902099609e+01,4.567362308502197266e+00,4.274726390838623047e+00
4.915611743927001953e+00,1.251521205902099609e+01,5.046408653259277344e+00,4.560787200927734375e+00
4.826106071472167969e+00,1.251521205902099609e+01,5.617305278778076172e+00,5.055991172790527344e+00
4.742315769195556641e+00,1.251521205902099609e+01,6.321053981781005859e+00,5.688417911529541016e+00
4.636941909790039062e+00,1.251521205902099609e+01,6.964137554168701172e+00,6.131993770599365234e+00
4.535686492919921875e+00,1.251521205902099609e+01,7.534929752349853516e+00,6.531127452850341797e+00
4.441927433013916016e+00,1.251521205902099609e+01,8.090975761413574219e+00,6.964179515838623047e+00
4.346323966979980469e+00,1.251521205902099609e+01,8.684358596801757812e+00,7.405411243438720703e+00
4.250426769256591797e+00,1.251521205902099609e+01,9.270250320434570312e+00,7.825344085693359375e+00
4.159424781799316406e+00,1.251521205902099609e+01,9.828871726989746094e+00,8.250283241271972656e+00
4.074358940124511719e+00,1.251521205902099609e+01,1.040173625946044922e+01,8.729093551635742188e+00
3.988976955413818359e+00,1.251521205902099609e+01,1.103370189666748047e+01,9.244355201721191406e+00
3.905159950256347656e+00,1.251521205902099609e+01,1.170278835296630859e+01,9.794565200805664062e+00
3.819876909255981445e+00,1.251521205902099609e+01,1.241203594207763672e+01,1.034838008880615234e+01
3.735988140106201172e+00,1.251521205902099609e+01,1.313000488281250000e+01,1.090623092651367188e+01
3.650222539901733398e+00,1.251521205902099609e+01,1.385778617858886719e+01,1.143624305725097656e+01
3.575100421905517578e+00,1.251521205902099609e+01,1.453170871734619141e+01,1.203302192687988281e+01
3.501046895980834961e+00,1.251521205902099609e+01,1.529313850402832031e+01,1.269571781158447266e+01
3.425474882125854492e+00,1.251521205902099609e+01,1.612694168090820312e+01,1.337387752532958984e+01
3.350328922271728516e+00,1.251521205902099609e+01,1.701210212707519531e+01,1.408078765869140625e+01
3.279037952423095703e+00,1.251521205902099609e+01,1.796869850158691406e+01,1.489319229125976562e+01
3.220243692398071289e+00,1.251521205902099609e+01,1.876616096496582031e+01,1.574014568328857422e+01
3.157526493072509766e+00,1.251521205902099609e+01,1.964939498901367188e+01,1.658172035217285156e+01
3.094915390014648438e+00,1.251521205902099609e+01,2.057376289367675781e+01,1.745211601257324219e+01
3.035463571548461914e+00,1.251521205902099609e+01,2.148718261718750000e+01,1.833934020996093750e+01
2.976743459701538086e+00,1.251521205902099609e+01,2.240565490722656250e+01,1.922535896301269531e+01
2.919227600097656250e+00,1.251521205902099609e+01,2.336125183105468750e+01,2.016461944580078125e+01
2.864758491516113281e+00,1.251521205902099609e+01,2.434026145935058594e+01,2.117988014221191406e+01
2.813734054565429688e+00,1.251521205902099609e+01,2.535354804992675781e+01,2.228930664062500000e+01
2.763183116912841797e+00,1.251521205902099609e+01,2.638495445251464844e+01,2.341257095336914062e+01
2.713909387588500977e+00,1.251521205902099609e+01,2.743375778198242188e+01,2.456029510498046875e+01
2.666344404220581055e+00,1.251521205902099609e+01,2.854106521606445312e+01,2.577967453002929688e+01
2.619044542312622070e+00,1.251521205902099609e+01,2.969958877563476562e+01,2.701386642456054688e+01
2.574824333190917969e+00,1.251521205902099609e+01,3.087532234191894531e+01,2.830937004089355469e+01
2.533816576004028320e+00,1.251521205902099609e+01,3.209510803222656250e+01,2.971074676513671875e+01
2.491200447082519531e+00,1.251521205902099609e+01,3.345132064819335938e+01,3.113794517517089844e+01
2.451415538787841797e+00,1.251521205902099609e+01,3.480224990844726562e+01,3.261292266845703125e+01
2.411078691482543945e+00,1.251521205902099609e+01,3.633815765380859375e+01,3.420979309082031250e+01
2.372727155685424805e+00,1.251521205902099609e+01,3.793752670288085938e+01,3.586508560180664062e+01
2.336877107620239258e+00,1.251521205902099609e+01,3.954970550537109375e+01,3.749549102783203125e+01
2.306984901428222656e+00,1.251521205902099609e+01,4.094733428955078125e+01,3.895983123779296875e+01
5.545163154602050781e+00,1.264531993865966797e+01,1.944933652877807617e+00,2.223822116851806641e+00
5.469358444213867188e+00,1.264531993865966797e+01,2.467160463333129883e+00,2.775138139724731445e+00
5.373216152191162109e+00,1.264531993865966797e+01,3.005992174148559570e+00,3.251788377761840820e+00
5.259467124938964844e+00,1.264531993865966797e+01,3.562386751174926758e+00,3.652217864990234375e+00
5.147404193878173828e+00,1.264531993865966797e+01,4.056906223297119141e+00,3.977596759796142578e+00
5.026133537292480469e+00,1.264531993865966797e+01,4.602941513061523438e+00,4.294709205627441406e+00
4.912838459014892578e+00,1.264531993865966797e+01,5.074731826782226562e+00,4.585427284240722656e+00
4.825169563293457031e+00,1.264531993865966797e+01,5.648482799530029297e+00,5.086917400360107422e+00
4.742673873901367188e+00,1.264531993865966797e+01,6.339970588684082031e+00,5.709502696990966797e+00
4.638548374176025391e+00,1.264531993865966797e+01,6.970938682556152344e+00,6.143282413482666016e+00
4.538323879241943359e+00,1.264531993865966797e+01,7.533454418182373047e+00,6.534639358520507812e+00
4.446046829223632812e+00,1.264531993865966797e+01,8.078889846801757812e+00,6.961032867431640625e+00
4.351588249206542969e+00,1.264531993865966797e+01,8.664120674133300781e+00,7.396055698394775391e+00
4.257347583770751953e+00,1.264531993865966797e+01,9.241405487060546875e+00,7.811190605163574219e+00
4.166852474212646484e+00,1.264531993865966797e+01,9.794813156127929688e+00,8.228933334350585938e+00
4.083170890808105469e+00,1.264531993865966797e+01,1.035420036315917969e+01,8.698668479919433594e+00
3.998982667922973633e+00,1.264531993865966797e+01,1.097346591949462891e+01,9.205295562744140625e+00
3.916205644607543945e+00,1.264531993865966797e+01,1.163002300262451172e+01,9.745697975158691406e+00
3.832514524459838867e+00,1.264531993865966797e+01,1.232504940032958984e+01,1.029243755340576172e+01
3.749939203262329102e+00,1.264531993865966797e+01,1.302974605560302734e+01,1.084509372711181641e+01
3.664739131927490234e+00,1.264531993865966797e+01,1.375845813751220703e+01,1.137096309661865234e+01
3.588368415832519531e+00,1.264531993865966797e+01,1.442761802673339844e+01,1.193836688995361328e+01
3.516535282135009766e+00,1.264531993865966797e+01,1.516079044342041016e+01,1.259463882446289062e+01
3.441993713378906250e+00,1.264531993865966797e+01,1.597583293914794922e+01,1.326072216033935547e+01
3.367270946502685547e+00,1.264531993865966797e+01,1.682818984985351562e+01,1.393369007110595703e+01
3.296651840209960938e+00,1.264531993865966797e+01,1.775174331665039062e+01,1.471545505523681641e+01
3.236645221710205078e+00,1.264531993865966797e+01,1.856583213806152344e+01,1.554911422729492188e+01
3.176512956619262695e+00,1.264531993865966797e+01,1.942086410522460938e+01,1.639553260803222656e+01
3.114269495010375977e+00,1.264531993865966797e+01,2.034624099731445312e+01,1.726156425476074219e+01
3.055147171020507812e+00,1.264531993865966797e+01,2.123903083801269531e+01,1.812973403930664062e+01
2.997093200683593750e+00,1.264531993865966797e+01,2.210327339172363281e+01,1.897040939331054688e+01
2.940332889556884766e+00,1.264531993865966797e+01,2.304068374633789062e+01,1.989708900451660156e+01
2.886355161666870117e+00,1.264531993865966797e+01,2.401565170288085938e+01,2.090657997131347656e+01
2.835262537002563477e+00,1.264531993865966797e+01,2.498827171325683594e+01,2.196742630004882812e+01
2.784891128540039062e+00,1.264531993865966797e+01,2.597052955627441406e+01,2.303887748718261719e+01
2.736485481262207031e+00,1.264531993865966797e+01,2.701029205322265625e+01,2.418706512451171875e+01
2.687932491302490234e+00,1.264531993865966797e+01,2.811719703674316406e+01,2.536404800415039062e+01
2.642218112945556641e+00,1.264531993865966797e+01,2.918627548217773438e+01,2.654871368408203125e+01
2.599440097808837891e+00,1.264531993865966797e+01,3.031184387207031250e+01,2.782876205444335938e+01
2.556510925292968750e+00,1.264531993865966797e+01,3.154298973083496094e+01,2.917110061645507812e+01
2.515496730804443359e+00,1.264531993865966797e+01,3.281505203247070312e+01,3.056051254272460938e+01
2.475727558135986328e+00,1.264531993865966797e+01,3.414810943603515625e+01,3.201346969604492188e+01
2.435038328170776367e+00,1.264531993865966797e+01,3.562881851196289062e+01,3.353269195556640625e+01
2.397416591644287109e+00,1.264531993865966797e+01,3.716087341308593750e+01,3.515449905395507812e+01
2.361945152282714844e+00,1.264531993865966797e+01,3.868058395385742188e+01,3.670870971679687500e+01
2.330039024353027344e+00,1.264531993865966797e+01,4.025395584106445312e+01,3.824515151977539062e+01
5.536365509033203125e+00,1.277532958984375000e+01,1.998792767524719238e+00,2.275880575180053711e+00
5.461640834808349609e+00,1.277532958984375000e+01,2.535602331161499023e+00,2.842207670211791992e+00
5.363176822662353516e+00,1.277532958984375000e+01,3.069050550460815430e+00,3.296757936477661133e+00
5.253400325775146484e+00,1.277532958984375000e+01,3.603697776794433594e+00,3.686023950576782227e+00
5.145281791687011719e+00,1.277532958984375000e+01,4.090130805969238281e+00,4.016118526458740234e+00
5.021155357360839844e+00,1.277532958984375000e+01,4.632875919342041016e+00,4.311488628387451172e+00
4.911086082458496094e+00,1.277532958984375000e+01,5.097833633422851562e+00,4.606853485107421875e+00
4.825047969818115234e+00,1.277532958984375000e+01,5.672564506530761719e+00,5.111047267913818359e+00
4.743789672851562500e+00,1.277532958984375000e+01,6.352633476257324219e+00,5.725512027740478516e+00
4.640643119812011719e+00,1.277532958984375000e+01,6.973649024963378906e+00,6.149791240692138672e+00
4.541535377502441406e+00,1.277532958984375000e+01,7.527721405029296875e+00,6.534061431884765625e+00
4.450222969055175781e+00,1.277532958984375000e+01,8.065278053283691406e+00,6.952009677886962891e+00
4.357405185699462891e+00,1.277532958984375000e+01,8.640542984008789062e+00,7.382153511047363281e+00
4.264469146728515625e+00,1.277532958984375000e+01,9.211805343627929688e+00,7.796377658843994141e+00
4.175200462341308594e+00,1.277532958984375000e+01,9.754945755004882812e+00,8.204525947570800781e+00
4.092411994934082031e+00,1.277532958984375000e+01,1.030463409423828125e+01,8.665703773498535156e+00
4.009239196777343750e+00,1.277532958984375000e+01,1.091249084472656250e+01,9.163162231445312500e+00
3.927703857421875000e+00,1.277532958984375000e+01,1.155476474761962891e+01,9.692928314208984375e+00
3.845201492309570312e+00,1.277532958984375000e+01,1.223781585693359375e+01,1.023469924926757812e+01
3.764031648635864258e+00,1.277532958984375000e+01,1.292943096160888672e+01,1.077945995330810547e+01
3.679455995559692383e+00,1.277532958984375000e+01,1.365878677368164062e+01,1.130367755889892578e+01
3.601799964904785156e+00,1.277532958984375000e+01,1.432492446899414062e+01,1.184281063079833984e+01
3.531822443008422852e+00,1.277532958984375000e+01,1.502517986297607422e+01,1.248424148559570312e+01
3.457844734191894531e+00,1.277532958984375000e+01,1.581323528289794922e+01,1.312653446197509766e+01
3.384883880615234375e+00,1.277532958984375000e+01,1.664115333557128906e+01,1.379073238372802734e+01
3.315752744674682617e+00,1.277532958984375000e+01,1.752249526977539062e+01,1.454457759857177734e+01
3.253231048583984375e+00,1.277532958984375000e+01,1.837813377380371094e+01,1.536675548553466797e+01
3.195462942123413086e+00,1.277532958984375000e+01,1.921087265014648438e+01,1.622204780578613281e+01
3.133650541305541992e+00,1.277532958984375000e+01,2.010767173767089844e+01,1.705942726135253906e+01
3.075044870376586914e+00,1.277532958984375000e+01,2.095914840698242188e+01,1.789446067810058594e+01
3.018010854721069336e+00,1.277532958984375000e+01,2.181474685668945312e+01,1.873686218261718750e+01
2.962116241455078125e+00,1.277532958984375000e+01,2.273639869689941406e+01,1.965330314636230469e+01
2.908026695251464844e+00,1.277532958984375000e+01,2.368345069885253906e+01,2.062365531921386719e+01
2.856631994247436523e+00,1.277532958984375000e+01,2.460981369018554688e+01,2.162525177001953125e+01
2.806685924530029297e+00,1.277532958984375000e+01,2.559037780761718750e+01,2.269077110290527344e+01
2.758466243743896484e+00,1.277532958984375000e+01,2.663096427917480469e+01,2.383244132995605469e+01
2.711305141448974609e+00,1.277532958984375000e+01,2.763330841064453125e+01,2.494061088562011719e+01
2.666450500488281250e+00,1.277532958984375000e+01,2.868721389770507812e+01,2.612778091430664062e+01
2.623251914978027344e+00,1.277532958984375000e+01,2.979991722106933594e+01,2.737428855895996094e+01
2.580084323883056641e+00,1.277532958984375000e+01,3.097436141967773438e+01,2.863893699645996094e+01
2.540501594543457031e+00,1.277532958984375000e+01,3.216017913818359375e+01,2.998740005493164062e+01
2.499011754989624023e+00,1.277532958984375000e+01,3.352294921875000000e+01,3.140055465698242188e+01
2.460173368453979492e+00,1.277532958984375000e+01,3.489311218261718750e+01,3.288058090209960938e+01
2.421618461608886719e+00,1.277532958984375000e+01,3.640583801269531250e+01,3.444218826293945312e+01
2.386523723602294922e+00,1.277532958984375000e+01,3.791867065429687500e+01,3.600387954711914062e+01
2.354312419891357422e+00,1.277532958984375000e+01,3.940140151977539062e+01,3.745574569702148438e+01
5.530286788940429688e+00,1.290543937683105469e+01,2.060361146926879883e+00,2.343541860580444336e+00
5.453217983245849609e+00,1.290543937683105469e+01,2.602199554443359375e+00,2.901782751083374023e+00
5.359040737152099609e+00,1.290543937683105469e+01,3.123906850814819336e+00,3.355588912963867188e+00
5.248462677001953125e+00,1.290543937683105469e+01,3.639497041702270508e+00,3.716029882431030273e+00
5.144564628601074219e+00,1.290543937683105469e+01,4.105924129486083984e+00,4.040451049804687500e+00
5.017236709594726562e+00,1.290543937683105469e+01,4.658064842224121094e+00,4.325848102569580078e+00
4.910143852233886719e+00,1.290543937683105469e+01,5.116045951843261719e+00,4.623943328857421875e+00
4.825428009033203125e+00,1.290543937683105469e+01,5.691911220550537109e+00,5.130827903747558594e+00
4.745640754699707031e+00,1.290543937683105469e+01,6.358489036560058594e+00,5.734736442565917969e+00
4.643492221832275391e+00,1.290543937683105469e+01,6.970879554748535156e+00,6.151604175567626953e+00
4.545393943786621094e+00,1.290543937683105469e+01,7.517678737640380859e+00,6.529381275177001953e+00
4.455208778381347656e+00,1.290543937683105469e+01,8.046370506286621094e+00,6.940037250518798828e+00
4.363519668579101562e+00,1.290543937683105469e+01,8.614294052124023438e+00,7.364656448364257812e+00
4.272434711456298828e+00,1.290543937683105469e+01,9.177666664123535156e+00,7.778053283691406250e+00
4.183348178863525391e+00,1.290543937683105469e+01,9.716803550720214844e+00,8.177053451538085938e+00
4.101953983306884766e+00,1.290543937683105469e+01,1.025319480895996094e+01,8.629344940185546875e+00
4.019754886627197266e+00,1.290543937683105469e+01,1.085010719299316406e+01,9.117256164550781250e+00
3.939350128173828125e+00,1.290543937683105469e+01,1.147886753082275391e+01,9.638150215148925781e+00
3.858300685882568359e+00,1.290543937683105469e+01,1.214771270751953125e+01,1.017179203033447266e+01
3.778000354766845703e+00,1.290543937683105469e+01,1.283061504364013672e+01,1.071098804473876953e+01
3.694755077362060547e+00,1.290543937683105469e+01,1.354852581024169922e+01,1.122963142395019531e+01
3.616715908050537109e+00,1.290543937683105469e+01,1.420735740661621094e+01,1.174810504913330078e+01
3.546884536743164062e+00,1.290543937683105469e+01,1.488528728485107422e+01,1.236392688751220703e+01
3.474763870239257812e+00,1.290543937683105469e+01,1.564757251739501953e+01,1.299911499023437500e+01
3.402953386306762695e+00,1.290543937683105469e+01,1.646093940734863281e+01,1.365767097473144531e+01
3.333998203277587891e+00,1.290543937683105469e+01,1.731201553344726562e+01,1.437836647033691406e+01
3.269842147827148438e+00,1.290543937683105469e+01,1.820642280578613281e+01,1.519404506683349609e+01
3.213878154754638672e+00,1.290543937683105469e+01,1.899420738220214844e+01,1.602922058105468750e+01
3.153522014617919922e+00,1.290543937683105469e+01,1.983909034729003906e+01,1.683631134033203125e+01
3.095383167266845703e+00,1.290543937683105469e+01,2.069188880920410156e+01,1.767322158813476562e+01
3.039318561553955078e+00,1.290543937683105469e+01,2.154681968688964844e+01,1.852725982666015625e+01
2.983658790588378906e+00,1.290543937683105469e+01,2.243632888793945312e+01,1.940667343139648438e+01
2.929344654083251953e+00,1.290543937683105469e+01,2.333210945129394531e+01,2.031551933288574219e+01
2.877507448196411133e+00,1.290543937683105469e+01,2.426478767395019531e+01,2.130137825012207031e+01
2.829221963882446289e+00,1.290543937683105469e+01,2.523377609252929688e+01,2.238179397583007812e+01
2.781027793884277344e+00,1.290543937683105469e+01,2.618873405456542969e+01,2.343790435791015625e+01
2.734863758087158203e+00,1.290543937683105469e+01,2.717581558227539062e+01,2.454633331298828125e+01
2.690929889678955078e+00,1.290543937683105469e+01,2.821713829040527344e+01,2.573689460754394531e+01
2.645147085189819336e+00,1.290543937683105469e+01,2.929325866699218750e+01,2.686362648010253906e+01
2.604407072067260742e+00,1.290543937683105469e+01,3.038902854919433594e+01,2.811496353149414062e+01
2.563402414321899414e+00,1.290543937683105469e+01,3.159417915344238281e+01,2.942595863342285156e+01
2.523686408996582031e+00,1.290543937683105469e+01,3.286435317993164062e+01,3.080038833618164062e+01
2.484940528869628906e+00,1.290543937683105469e+01,3.420003890991210938e+01,3.223981475830078125e+01
2.445904731750488281e+00,1.290543937683105469e+01,3.568660354614257812e+01,3.376088333129882812e+01
2.410244464874267578e+00,1.290543937683105469e+01,3.719153976440429688e+01,3.530121231079101562e+01
2.379935026168823242e+00,1.290543937683105469e+01,3.849205780029296875e+01,3.665808105468750000e+01
5.444510936737060547e+00,1.303549957275390625e+01,2.662743806838989258e+00,2.950763225555419922e+00
5.353573799133300781e+00,1.303549957275390625e+01,3.177690744400024414e+00,3.403942823410034180e+00
5.242670059204101562e+00,1.303549957275390625e+01,3.677056074142456055e+00,3.740362167358398438e+00
5.141027450561523438e+00,1.303549957275390625e+01,4.135858058929443359e+00,4.063077926635742188e+00
5.014607429504394531e+00,1.303549957275390625e+01,4.677519798278808594e+00,4.337558269500732422e+00
4.909769535064697266e+00,1.303549957275390625e+01,5.130407810211181641e+00,4.636740684509277344e+00
4.826412200927734375e+00,1.303549957275390625e+01,5.704446315765380859e+00,5.143683433532714844e+00
4.747972011566162109e+00,1.303549957275390625e+01,6.359841823577880859e+00,5.739653587341308594e+00
4.646955966949462891e+00,1.303549957275390625e+01,6.963696479797363281e+00,6.149469375610351562e+00
4.549798965454101562e+00,1.303549957275390625e+01,7.504075527191162109e+00,6.521099567413330078e+00
4.459984302520751953e+00,1.303549957275390625e+01,8.029018402099609375e+00,6.923742294311523438e+00
4.369905471801757812e+00,1.303549957275390625e+01,8.584975242614746094e+00,7.342392444610595703e+00
4.280273437500000000e+00,1.303549957275390625e+01,9.141835212707519531e+00,7.753379821777343750e+00
4.191639900207519531e+00,1.303549957275390625e+01,9.675886154174804688e+00,8.143218994140625000e+00
4.111422538757324219e+00,1.303549957275390625e+01,1.020110893249511719e+01,8.587496757507324219e+00
4.030121803283691406e+00,1.303549957275390625e+01,1.078738307952880859e+01,9.066046714782714844e+00
3.951230287551879883e+00,1.303549957275390625e+01,1.140094757080078125e+01,9.579045295715332031e+00
3.871582508087158203e+00,1.303549957275390625e+01,1.205515670776367188e+01,1.010612487792968750e+01
3.791628360748291016e+00,1.303549957275390625e+01,1.272773551940917969e+01,1.063118934631347656e+01
3.710558414459228516e+00,1.303549957275390625e+01,1.342105007171630859e+01,1.114428138732910156e+01
3.632366418838500977e+00,1.303549957275390625e+01,1.408688640594482422e+01,1.165557098388671875e+01
3.562657833099365234e+00,1.303549957275390625e+01,1.474684429168701172e+01,1.224870967864990234e+01
3.492556333541870117e+00,1.303549957275390625e+01,1.548617362976074219e+01,1.288311767578125000e+01
3.421311140060424805e+00,1.303549957275390625e+01,1.628424835205078125e+01,1.352940368652343750e+01
3.352463483810424805e+00,1.303549957275390625e+01,1.711317062377929688e+01,1.421952438354492188e+01
3.287613391876220703e+00,1.303549957275390625e+01,1.799950408935546875e+01,1.500719070434570312e+01
3.231473207473754883e+00,1.303549957275390625e+01,1.876748085021972656e+01,1.581315517425537109e+01
3.173584699630737305e+00,1.303549957275390625e+01,1.958561515808105469e+01,1.662568092346191406e+01
3.115703344345092773e+00,1.303549957275390625e+01,2.044299888610839844e+01,1.746465301513671875e+01
3.060137987136840820e+00,1.303549957275390625e+01,2.129181098937988281e+01,1.831500244140625000e+01
3.004595994949340820e+00,1.303549957275390625e+01,2.211545753479003906e+01,1.912953567504882812e+01
2.951098680496215820e+00,1.303549957275390625e+01,2.300270080566406250e+01,2.003393745422363281e+01
2.900022029876708984e+00,1.303549957275390625e+01,2.393077659606933594e+01,2.101779556274414062e+01
2.851444721221923828e+00,1.303549957275390625e+01,2.483711051940917969e+01,2.202794837951660156e+01
2.804023265838623047e+00,1.303549957275390625e+01,2.576569747924804688e+01,2.306642150878906250e+01
2.758560895919799805e+00,1.303549957275390625e+01,2.674658775329589844e+01,2.418012237548828125e+01
2.711576461791992188e+00,1.303549957275390625e+01,2.776958465576171875e+01,2.525666236877441406e+01
2.669412612915039062e+00,1.303549957275390625e+01,2.877016639709472656e+01,2.640493965148925781e+01
2.628866910934448242e+00,1.303549957275390625e+01,2.984304428100585938e+01,2.763169097900390625e+01
2.587345600128173828e+00,1.303549957275390625e+01,3.101492691040039062e+01,2.888278007507324219e+01
2.549457550048828125e+00,1.303549957275390625e+01,3.219396209716796875e+01,3.022598457336425781e+01
2.508676767349243164e+00,1.303549957275390625e+01,3.356058502197265625e+01,3.161963653564453125e+01
2.471381187438964844e+00,1.303549957275390625e+01,3.493921661376953125e+01,3.309474945068359375e+01
2.435244083404541016e+00,1.303549957275390625e+01,3.638755798339843750e+01,3.456096649169921875e+01
2.403748273849487305e+00,1.303549957275390625e+01,3.779050064086914062e+01,3.598129272460937500e+01
5.521554470062255859e+00,1.316560840606689453e+01,2.156991958618164062e+00,2.453143835067749023e+00
5.348238468170166016e+00,1.316560840606689453e+01,3.214480161666870117e+00,3.431993246078491211e+00
5.239471435546875000e+00,1.316560840606689453e+01,3.709791183471679688e+00,3.769423246383666992e+00
5.138320446014404297e+00,1.316560840606689453e+01,4.160956382751464844e+00,4.081078052520751953e+00
5.013060569763183594e+00,1.316560840606689453e+01,4.692932128906250000e+00,4.347544670104980469e+00
4.910140514373779297e+00,1.316560840606689453e+01,5.140733242034912109e+00,4.646309852600097656e+00
4.827896595001220703e+00,1.316560840606689453e+01,5.710344314575195312e+00,5.149385452270507812e+00
4.750882625579833984e+00,1.316560840606689453e+01,6.356385231018066406e+00,5.740299701690673828e+00
4.651015281677246094e+00,1.316560840606689453e+01,6.952690601348876953e+00,6.143683433532714844e+00
4.554852008819580078e+00,1.316560840606689453e+01,7.486923217773437500e+00,6.509734153747558594e+00
4.465918064117431641e+00,1.316560840606689453e+01,8.005547523498535156e+00,6.906312942504882812e+00
4.376873970031738281e+00,1.316560840606689453e+01,8.553256034851074219e+00,7.317931652069091797e+00
4.288176536560058594e+00,1.316560840606689453e+01,9.107843399047851562e+00,7.726059436798095703e+00
4.200419425964355469e+00,1.316560840606689453e+01,9.632512092590332031e+00,8.107231140136718750e+00
4.121737003326416016e+00,1.316560840606689453e+01,1.014389896392822266e+01,8.544784545898437500e+00
4.041689395904541016e+00,1.316560840606689453e+01,1.071722412109375000e+01,9.014798164367675781e+00
3.963292598724365234e+00,1.316560840606689453e+01,1.131808567047119141e+01,9.513959884643554688e+00
3.884524583816528320e+00,1.316560840606689453e+01,1.195927429199218750e+01,1.002981853485107422e+01
3.805576086044311523e+00,1.316560840606689453e+01,1.261956214904785156e+01,1.054648876190185547e+01
3.727223873138427734e+00,1.316560840606689453e+01,1.329491043090820312e+01,1.106406116485595703e+01
3.649175643920898438e+00,1.316560840606689453e+01,1.397013282775878906e+01,1.157572746276855469e+01
3.579231023788452148e+00,1.316560840606689453e+01,1.461021900177001953e+01,1.214163208007812500e+01
3.510592222213745117e+00,1.316560840606689453e+01,1.532408714294433594e+01,1.276620483398437500e+01
3.440783500671386719e+00,1.316560840606689453e+01,1.610244369506835938e+01,1.340529918670654297e+01
3.371358394622802734e+00,1.316560840606689453e+01,1.691202354431152344e+01,1.406307601928710938e+01
3.306586265563964844e+00,1.316560840606689453e+01,1.776556777954101562e+01,1.481379413604736328e+01
3.249163150787353516e+00,1.316560840606689453e+01,1.855257606506347656e+01,1.560580539703369141e+01
3.193640708923339844e+00,1.316560840606689453e+01,1.935154342651367188e+01,1.642990112304687500e+01
3.135879516601562500e+00,1.316560840606689453e+01,2.020766830444335938e+01,1.726147079467773438e+01
3.080374240875244141e+00,1.316560840606689453e+01,2.100161361694335938e+01,1.806054306030273438e+01
3.026198148727416992e+00,1.316560840606689453e+01,2.181578254699707031e+01,1.887986373901367188e+01
2.973496913909912109e+00,1.316560840606689453e+01,2.268992424011230469e+01,1.977828025817871094e+01
2.922009706497192383e+00,1.316560840606689453e+01,2.357658958435058594e+01,2.070610046386718750e+01
2.873537063598632812e+00,1.316560840606689453e+01,2.444896888732910156e+01,2.167676162719726562e+01
2.827025413513183594e+00,1.316560840606689453e+01,2.537247276306152344e+01,2.272271156311035156e+01
2.779740095138549805e+00,1.316560840606689453e+01,2.634428215026855469e+01,2.377006721496582031e+01
2.735872030258178711e+00,1.316560840606689453e+01,2.728501129150390625e+01,2.484112358093261719e+01
2.694612503051757812e+00,1.316560840606689453e+01,2.827336692810058594e+01,2.599704742431640625e+01
2.651961326599121094e+00,1.316560840606689453e+01,2.933620262145996094e+01,2.714095878601074219e+01
2.612375259399414062e+00,1.316560840606689453e+01,3.041634178161621094e+01,2.835459518432617188e+01
2.572414875030517578e+00,1.316560840606689453e+01,3.161135101318359375e+01,2.963621902465820312e+01
2.533529043197631836e+00,1.316560840606689453e+01,3.289354324340820312e+01,3.100856971740722656e+01
2.495699882507324219e+00,1.316560840606689453e+01,3.423393630981445312e+01,3.242497634887695312e+01
2.459963321685791016e+00,1.316560840606689453e+01,3.564020538330078125e+01,3.387423324584960938e+01
2.427556514739990234e+00,1.316560840606689453e+01,3.705327987670898438e+01,3.526342391967773438e+01
5.518650054931640625e+00,1.329566860198974609e+01,2.209019184112548828e+00,2.513684511184692383e+00
5.435615062713623047e+00,1.329566860198974609e+01,2.733384370803833008e+00,3.017820119857788086e+00
5.342477798461914062e+00,1.329566860198974609e+01,3.248372316360473633e+00,3.452432155609130859e+00
5.237392425537109375e+00,1.329566860198974609e+01,3.740112066268920898e+00,3.797597885131835938e+00
5.136146068572998047e+00,1.329566860198974609e+01,4.182882785797119141e+00,4.096199989318847656e+00
5.012576103210449219e+00,1.329566860198974609e+01,4.704679012298583984e+00,4.356089591979980469e+00
4.911159515380859375e+00,1.329566860198974609e+01,5.147408485412597656e+00,4.652407169342041016e+00
4.829778671264648438e+00,1.329566860198974609e+01,5.710622310638427734e+00,5.148875713348388672e+00
4.754487514495849609e+00,1.329566860198974609e+01,6.347085475921630859e+00,5.735711574554443359e+00
4.655520915985107422e+00,1.329566860198974609e+01,6.939394474029541016e+00,6.135512828826904297e+00
4.560328483581542969e+00,1.329566860198974609e+01,7.467931747436523438e+00,6.496331214904785156e+00
4.472488880157470703e+00,1.329566860198974609e+01,7.979247093200683594e+00,6.886506080627441406e+00
4.384598731994628906e+00,1.329566860198974609e+01,8.518249511718750000e+00,7.291917800903320312e+00
4.297286510467529297e+00,1.329566860198974609e+01,9.067360877990722656e+00,7.699747085571289062e+00
4.209943771362304688e+00,1.329566860198974609e+01,9.586007118225097656e+00,8.071446418762207031e+00
4.131340980529785156e+00,1.329566860198974609e+01,1.009188365936279297e+01,8.496141433715820312e+00
4.052635669708251953e+00,1.329566860198974609e+01,1.064691638946533203e+01,8.954405784606933594e+00
3.975314855575561523e+00,1.329566860198974609e+01,1.123458099365234375e+01,9.443809509277343750e+00
3.899168968200683594e+00,1.329566860198974609e+01,1.185804462432861328e+01,9.962838172912597656e+00
3.821201324462890625e+00,1.329566860198974609e+01,1.251124572753906250e+01,1.047492218017578125e+01
3.743982315063476562e+00,1.329566860198974609e+01,1.317762851715087891e+01,1.099086570739746094e+01
3.666300773620605469e+00,1.329566860198974609e+01,1.385076427459716797e+01,1.149468708038330078e+01
3.595922470092773438e+00,1.329566860198974609e+01,1.447195243835449219e+01,1.203168106079101562e+01
3.528924703598022461e+00,1.329566860198974609e+01,1.516521644592285156e+01,1.265076637268066406e+01
3.458694458007812500e+00,1.329566860198974609e+01,1.592349815368652344e+01,1.326181602478027344e+01
3.389688014984130859e+00,1.329566860198974609e+01,1.671492767333984375e+01,1.389916515350341797e+01
3.326151132583618164e+00,1.329566860198974609e+01,1.753641319274902344e+01,1.462867164611816406e+01
3.266943931579589844e+00,1.329566860198974609e+01,1.835407638549804688e+01,1.541062450408935547e+01
3.213498115539550781e+00,1.329566860198974609e+01,1.913038635253906250e+01,1.623941993713378906e+01
3.156200408935546875e+00,1.329566860198974609e+01,1.992815399169921875e+01,1.702056884765625000e+01
3.101480484008789062e+00,1.329566860198974609e+01,2.072105789184570312e+01,1.782520103454589844e+01
3.048238754272460938e+00,1.329566860198974609e+01,2.153515815734863281e+01,1.865490341186523438e+01
2.995435953140258789e+00,1.329566860198974609e+01,2.237274742126464844e+01,1.950783348083496094e+01
2.944096565246582031e+00,1.329566860198974609e+01,2.321571731567382812e+01,2.038924026489257812e+01
2.895143985748291016e+00,1.329566860198974609e+01,2.410130119323730469e+01,2.134994125366210938e+01
2.848803281784057617e+00,1.329566860198974609e+01,2.500952529907226562e+01,2.237269592285156250e+01
2.803234100341796875e+00,1.329566860198974609e+01,2.590057945251464844e+01,2.337976646423339844e+01
2.760432720184326172e+00,1.329566860198974609e+01,2.682937812805175781e+01,2.445728683471679688e+01
2.717476844787597656e+00,1.329566860198974609e+01,2.780861663818359375e+01,2.554931259155273438e+01
2.675486087799072266e+00,1.329566860198974609e+01,2.879836654663085938e+01,2.663724899291992188e+01
2.636887550354003906e+00,1.329566860198974609e+01,2.984381484985351562e+01,2.783468055725097656e+01
2.596620321273803711e+00,1.329566860198974609e+01,3.101556587219238281e+01,2.907289314270019531e+01
2.559237003326416016e+00,1.329566860198974609e+01,3.221613311767578125e+01,3.041372108459472656e+01
2.519999504089355469e+00,1.329566860198974609e+01,3.356412124633789062e+01,3.179109954833984375e+01
2.484538555145263672e+00,1.329566860198974609e+01,3.492760086059570312e+01,3.320693588256835938e+01
2.452812194824218750e+00,1.329566860198974609e+01,3.621473312377929688e+01,3.451081085205078125e+01
5.516419410705566406e+00,1.342577743530273438e+01,2.250032186508178711e+00,2.562315702438354492e+00
5.336603641510009766e+00,1.342577743530273438e+01,3.276373386383056641e+00,3.463575363159179688e+00
5.235808849334716797e+00,1.342577743530273438e+01,3.763179063796997070e+00,3.818300247192382812e+00
5.134880542755126953e+00,1.342577743530273438e+01,4.200141906738281250e+00,4.107712745666503906e+00
5.012873649597167969e+00,1.342577743530273438e+01,4.713871479034423828e+00,4.363033294677734375e+00
4.912748813629150391e+00,1.342577743530273438e+01,5.150821208953857422e+00,4.655425071716308594e+00
4.831983566284179688e+00,1.342577743530273438e+01,5.706419467926025391e+00,5.143205165863037109e+00
4.758605957031250000e+00,1.342577743530273438e+01,6.334210395812988281e+00,5.727891445159912109e+00
4.660565376281738281e+00,1.342577743530273438e+01,6.923536777496337891e+00,6.124798297882080078e+00
4.566339969635009766e+00,1.342577743530273438e+01,7.446790218353271484e+00,6.480629444122314453e+00
4.479688644409179688e+00,1.342577743530273438e+01,7.950398445129394531e+00,6.865973949432373047e+00
4.392890453338623047e+00,1.342577743530273438e+01,8.481531143188476562e+00,7.265970230102539062e+00
4.307002067565917969e+00,1.342577743530273438e+01,9.022120475769042969e+00,7.670202732086181641e+00
4.220438957214355469e+00,1.342577743530273438e+01,9.531081199645996094e+00,8.032470703125000000e+00
4.142285346984863281e+00,1.342577743530273438e+01,1.003104209899902344e+01,8.448551177978515625e+00
4.064850330352783203e+00,1.342577743530273438e+01,1.057333755493164062e+01,8.898801803588867188e+00
3.989172935485839844e+00,1.342577743530273438e+01,1.114892101287841797e+01,9.386042594909667969e+00
3.913932085037231445e+00,1.342577743530273438e+01,1.175959491729736328e+01,9.895798683166503906e+00
3.836951732635498047e+00,1.342577743530273438e+01,1.240077781677246094e+01,1.040041160583496094e+01
3.761559963226318359e+00,1.342577743530273438e+01,1.304809474945068359e+01,1.091219234466552734e+01
3.682860851287841797e+00,1.342577743530273438e+01,1.373791599273681641e+01,1.141145515441894531e+01
3.612421512603759766e+00,1.342577743530273438e+01,1.434484386444091797e+01,1.192484855651855469e+01
3.545090198516845703e+00,1.342577743530273438e+01,1.501371765136718750e+01,1.251206016540527344e+01
3.476629495620727539e+00,1.342577743530273438e+01,1.574549579620361328e+01,1.311587715148925781e+01
3.408785104751586914e+00,1.342577743530273438e+01,1.651961326599121094e+01,1.374448299407958984e+01
3.346350669860839844e+00,1.342577743530273438e+01,1.730331039428710938e+01,1.444825649261474609e+01
3.285064697265625000e+00,1.342577743530273438e+01,1.815963554382324219e+01,1.522239685058593750e+01
3.231928348541259766e+00,1.342577743530273438e+01,1.888775825500488281e+01,1.600667381286621094e+01
3.176924228668212891e+00,1.342577743530273438e+01,1.966102981567382812e+01,1.679336357116699219e+01
3.122721195220947266e+00,1.342577743530273438e+01,2.045853233337402344e+01,1.760588836669921875e+01
3.070018768310546875e+00,1.342577743530273438e+01,2.125991630554199219e+01,1.842811012268066406e+01
3.017079591751098633e+00,1.342577743530273438e+01,2.204424667358398438e+01,1.921984863281250000e+01
2.966601610183715820e+00,1.342577743530273438e+01,2.287908363342285156e+01,2.010148239135742188e+01
2.918073177337646484e+00,1.342577743530273438e+01,2.376107406616210938e+01,2.105550384521484375e+01
2.871583461761474609e+00,1.342577743530273438e+01,2.460156250000000000e+01,2.200657272338867188e+01
2.827156543731689453e+00,1.342577743530273438e+01,2.547784233093261719e+01,2.301580810546875000e+01
2.784003973007202148e+00,1.342577743530273438e+01,2.639855003356933594e+01,2.407012367248535156e+01
2.739843130111694336e+00,1.342577743530273438e+01,2.733234405517578125e+01,2.507523918151855469e+01
2.701169490814208984e+00,1.342577743530273438e+01,2.827023506164550781e+01,2.619905281066894531e+01
2.660245418548583984e+00,1.342577743530273438e+01,2.932617187500000000e+01,2.732725715637207031e+01
2.622251510620117188e+00,1.342577743530273438e+01,3.040295028686523438e+01,2.854128646850585938e+01
2.582822084426879883e+00,1.342577743530273438e+01,3.161638641357421875e+01,2.982202720642089844e+01
2.545016288757324219e+00,1.342577743530273438e+01,3.289397430419921875e+01,3.117775154113769531e+01
2.508903026580810547e+00,1.342577743530273438e+01,3.421247863769531250e+01,3.252921295166015625e+01
2.478326559066772461e+00,1.342577743530273438e+01,3.542461395263671875e+01,3.380994033813476562e+01
5.513068675994873047e+00,1.355588626861572266e+01,2.286204099655151367e+00,2.599503278732299805e+00
5.330400943756103516e+00,1.355588626861572266e+01,3.297883033752441406e+00,3.464056968688964844e+00
5.235026836395263672e+00,1.355588626861572266e+01,3.776742696762084961e+00,3.829926252365112305e+00
5.135260581970214844e+00,1.355588626861572266e+01,4.211466789245605469e+00,4.118474483489990234e+00
5.014074325561523438e+00,1.355588626861572266e+01,4.720127105712890625e+00,4.368812561035156250e+00
4.914861679077148438e+00,1.355588626861572266e+01,5.151502132415771484e+00,4.655836105346679688e+00
4.834549427032470703e+00,1.355588626861572266e+01,5.697406768798828125e+00,5.132013320922851562e+00
4.763109683990478516e+00,1.355588626861572266e+01,6.318823814392089844e+00,5.717183589935302734e+00
4.666038513183593750e+00,1.355588626861572266e+01,6.906180381774902344e+00,6.112065792083740234e+00
4.573061466217041016e+00,1.355588626861572266e+01,7.422852516174316406e+00,6.463975906372070312e+00
4.487257957458496094e+00,1.355588626861572266e+01,7.921534061431884766e+00,6.844557285308837891e+00
4.402048110961914062e+00,1.355588626861572266e+01,8.436552047729492188e+00,7.235297679901123047e+00
4.317692756652832031e+00,1.355588626861572266e+01,8.966399192810058594e+00,7.635564327239990234e+00
4.231843948364257812e+00,1.355588626861572266e+01,9.472532272338867188e+00,7.994502544403076172e+00
4.154664039611816406e+00,1.355588626861572266e+01,9.970788955688476562e+00,8.409395217895507812e+00
4.078318119049072266e+00,1.355588626861572266e+01,1.049923801422119141e+01,8.850862503051757812e+00
4.003146648406982422e+00,1.355588626861572266e+01,1.106227207183837891e+01,9.324687004089355469e+00
3.928908824920654297e+00,1.355588626861572266e+01,1.165690135955810547e+01,9.823518753051757812e+00
3.853054761886596680e+00,1.355588626861572266e+01,1.228620624542236328e+01,1.032272815704345703e+01
3.779119968414306641e+00,1.355588626861572266e+01,1.292156505584716797e+01,1.083375453948974609e+01
3.700549602508544922e+00,1.355588626861572266e+01,1.360920619964599609e+01,1.132397747039794922e+01
3.627560853958129883e+00,1.355588626861572266e+01,1.423074436187744141e+01,1.181060218811035156e+01
3.562203407287597656e+00,1.355588626861572266e+01,1.485869216918945312e+01,1.237918663024902344e+01
3.495367527008056641e+00,1.355588626861572266e+01,1.556763935089111328e+01,1.297791576385498047e+01
3.428706645965576172e+00,1.355588626861572266e+01,1.632618522644042969e+01,1.360118770599365234e+01
3.365779161453247070e+00,1.355588626861572266e+01,1.708941650390625000e+01,1.427174758911132812e+01
3.305119276046752930e+00,1.355588626861572266e+01,1.790333938598632812e+01,1.501012229919433594e+01
3.250498771667480469e+00,1.355588626861572266e+01,1.865834617614746094e+01,1.578293228149414062e+01
3.197737455368041992e+00,1.355588626861572266e+01,1.941330718994140625e+01,1.658205032348632812e+01
3.143661737442016602e+00,1.355588626861572266e+01,2.020997810363769531e+01,1.738962554931640625e+01
3.090909004211425781e+00,1.355588626861572266e+01,2.095995330810546875e+01,1.816009140014648438e+01
3.039313554763793945e+00,1.355588626861572266e+01,2.173488044738769531e+01,1.895906257629394531e+01
2.989631891250610352e+00,1.355588626861572266e+01,2.256342887878417969e+01,1.984094810485839844e+01
2.940195560455322266e+00,1.355588626861572266e+01,2.338614273071289062e+01,2.071401214599609375e+01
2.894622802734375000e+00,1.355588626861572266e+01,2.421062278747558594e+01,2.166105651855468750e+01
2.851109504699707031e+00,1.355588626861572266e+01,2.508476066589355469e+01,2.268056869506835938e+01
2.805521965026855469e+00,1.355588626861572266e+01,2.597171211242675781e+01,2.363166046142578125e+01
2.765057325363159180e+00,1.355588626861572266e+01,2.685128021240234375e+01,2.467336082458496094e+01
2.724385261535644531e+00,1.355588626861572266e+01,2.780641746520996094e+01,2.575030899047851562e+01
2.684889793395996094e+00,1.355588626861572266e+01,2.878519058227539062e+01,2.684056663513183594e+01
2.646754980087280273e+00,1.355588626861572266e+01,2.982785987854003906e+01,2.800554656982421875e+01
2.607043266296386719e+00,1.355588626861572266e+01,3.101125526428222656e+01,2.924881553649902344e+01
2.569956302642822266e+00,1.355588626861572266e+01,3.223224639892578125e+01,3.057397079467773438e+01
2.534093618392944336e+00,1.355588626861572266e+01,3.348663330078125000e+01,3.186799049377441406e+01
2.501514434814453125e+00,1.355588626861572266e+01,3.479833221435546875e+01,3.317073059082031250e+01
5.578222751617431641e+00,1.368589782714843750e+01,1.843900322914123535e+00,2.123903512954711914e+00
5.509653091430664062e+00,1.368589782714843750e+01,2.319387912750244141e+00,2.631200551986694336e+00
5.428472518920898438e+00,1.368589782714843750e+01,2.795876026153564453e+00,3.077755212783813477e+00
5.326223850250244141e+00,1.368589782714843750e+01,3.318585872650146484e+00,3.470000743865966797e+00
5.235098838806152344e+00,1.368589782714843750e+01,3.786224365234375000e+00,3.838567256927490234e+00
5.136533737182617188e+00,1.368589782714843750e+01,4.219034671783447266e+00,4.127357006072998047e+00
5.016136169433593750e+00,1.368589782714843750e+01,4.723504543304443359e+00,4.373243331909179688e+00
4.917530536651611328e+00,1.368589782714843750e+01,5.149104595184326172e+00,4.653321743011474609e+00
4.837491512298583984e+00,1.368589782714843750e+01,5.684484004974365234e+00,5.116450309753417969e+00
4.768124103546142578e+00,1.368589782714843750e+01,6.300446033477783203e+00,5.703175067901611328e+00
4.672081470489501953e+00,1.368589782714843750e+01,6.886620044708251953e+00,6.098010540008544922e+00
4.580328941345214844e+00,1.368589782714843750e+01,7.397211551666259766e+00,6.446590900421142578e+00
4.495884418487548828e+00,1.368589782714843750e+01,7.881709098815917969e+00,6.817610740661621094e+00
4.411930561065673828e+00,1.368589782714843750e+01,8.386245727539062500e+00,7.202293872833251953e+00
4.329941749572753906e+00,1.368589782714843750e+01,8.908533096313476562e+00,7.607595443725585938e+00
4.245316028594970703e+00,1.368589782714843750e+01,9.414863586425781250e+00,7.969686508178710938e+00
4.167434692382812500e+00,1.368589782714843750e+01,9.908686637878417969e+00,8.369205474853515625e+00
4.091814994812011719e+00,1.368589782714843750e+01,1.042199707031250000e+01,8.796991348266601562e+00
4.017358779907226562e+00,1.368589782714843750e+01,1.097216033935546875e+01,9.259372711181640625e+00
3.944352626800537109e+00,1.368589782714843750e+01,1.155156803131103516e+01,9.750432968139648438e+00
3.869444847106933594e+00,1.368589782714843750e+01,1.217496395111083984e+01,1.024861526489257812e+01
3.794983863830566406e+00,1.368589782714843750e+01,1.280518436431884766e+01,1.074290847778320312e+01
3.718611240386962891e+00,1.368589782714843750e+01,1.346386241912841797e+01,1.122336292266845703e+01
3.645182609558105469e+00,1.368589782714843750e+01,1.409731674194335938e+01,1.170634078979492188e+01
3.579767465591430664e+00,1.368589782714843750e+01,1.470717620849609375e+01,1.225191497802734375e+01
3.515096187591552734e+00,1.368589782714843750e+01,1.539056777954101562e+01,1.285018920898437500e+01
3.449007511138916016e+00,1.368589782714843750e+01,1.612797355651855469e+01,1.345675849914550781e+01
3.385451078414916992e+00,1.368589782714843750e+01,1.687445640563964844e+01,1.409588527679443359e+01
3.325465202331542969e+00,1.368589782714843750e+01,1.765908050537109375e+01,1.480918788909912109e+01
3.269084215164184570e+00,1.368589782714843750e+01,1.844204711914062500e+01,1.556931114196777344e+01
3.218449115753173828e+00,1.368589782714843750e+01,1.918139076232910156e+01,1.637910652160644531e+01
3.164477348327636719e+00,1.368589782714843750e+01,1.992564582824707031e+01,1.713751029968261719e+01
3.112525224685668945e+00,1.368589782714843750e+01,2.067199325561523438e+01,1.791314315795898438e+01
3.062014818191528320e+00,1.368589782714843750e+01,2.144928932189941406e+01,1.872698974609375000e+01
3.011466741561889648e+00,1.368589782714843750e+01,2.222832107543945312e+01,1.953776550292968750e+01
2.963097810745239258e+00,1.368589782714843750e+01,2.302277374267578125e+01,2.039692306518554688e+01
2.917935371398925781e+00,1.368589782714843750e+01,2.385120391845703125e+01,2.134731101989746094e+01
2.872066974639892578e+00,1.368589782714843750e+01,2.469650840759277344e+01,2.227608299255371094e+01
2.829825401306152344e+00,1.368589782714843750e+01,2.553010177612304688e+01,2.325167846679687500e+01
2.789451599121093750e+00,1.368589782714843750e+01,2.640969848632812500e+01,2.428682708740234375e+01
2.748053073883056641e+00,1.368589782714843750e+01,2.732190132141113281e+01,2.529235267639160156e+01
2.710474729537963867e+00,1.368589782714843750e+01,2.821241760253906250e+01,2.634800720214843750e+01
2.670285463333129883e+00,1.368589782714843750e+01,2.928776168823242188e+01,2.747593879699707031e+01
2.632930278778076172e+00,1.368589782714843750e+01,3.037699699401855469e+01,2.869610214233398438e+01
2.594138145446777344e+00,1.368589782714843750e+01,3.160525321960449219e+01,2.997627258300781250e+01
2.559164524078369141e+00,1.368589782714843750e+01,3.281765365600585938e+01,3.125786590576171875e+01
2.526367187500000000e+00,1.368589782714843750e+01,3.404935836791992188e+01,3.247750473022460938e+01
5.577809333801269531e+00,1.381605625152587891e+01,1.875474333763122559e+00,2.164136171340942383e+00
5.427130222320556641e+00,1.381605625152587891e+01,2.819129705429077148e+00,3.100245714187622070e+00
5.325102806091308594e+00,1.381605625152587891e+01,3.338238716125488281e+00,3.485578060150146484e+00
5.235711574554443359e+00,1.381605625152587891e+01,3.793175697326660156e+00,3.845191955566406250e+00
5.138625621795654297e+00,1.381605625152587891e+01,4.222554206848144531e+00,4.133760929107666016e+00
5.019017219543457031e+00,1.381605625152587891e+01,4.724331855773925781e+00,4.376729965209960938e+00
4.920772075653076172e+00,1.381605625152587891e+01,5.143596649169921875e+00,4.647808551788330078e+00
4.840827465057373047e+00,1.381605625152587891e+01,5.668142795562744141e+00,5.097397327423095703e+00
4.773542404174804688e+00,1.381605625152587891e+01,6.280722141265869141e+00,5.688224792480468750e+00
4.678811073303222656e+00,1.381605625152587891e+01,6.864516735076904297e+00,6.082891941070556641e+00
4.588898181915283203e+00,1.381605625152587891e+01,7.359041690826416016e+00,6.423454761505126953e+00
4.505174160003662109e+00,1.381605625152587891e+01,7.838469505310058594e+00,6.789147853851318359e+00
4.424054622650146484e+00,1.381605625152587891e+01,8.333336830139160156e+00,7.180239677429199219e+00
4.343246459960937500e+00,1.381605625152587891e+01,8.850934028625488281e+00,7.585029125213623047e+00
4.258139133453369141e+00,1.381605625152587891e+01,9.356196403503417969e+00,7.936823844909667969e+00
4.179095268249511719e+00,1.381605625152587891e+01,9.850885391235351562e+00,8.319846153259277344e+00
4.105615139007568359e+00,1.381605625152587891e+01,1.034096813201904297e+01,8.739048004150390625e+00
4.032140254974365234e+00,1.381605625152587891e+01,1.088036251068115234e+01,9.195249557495117188e+00
3.959553956985473633e+00,1.381605625152587891e+01,1.145280933380126953e+01,9.678943634033203125e+00
3.884611129760742188e+00,1.381605625152587891e+01,1.206688976287841797e+01,1.016121864318847656e+01
3.810808420181274414e+00,1.381605625152587891e+01,1.268594837188720703e+01,1.064471817016601562e+01
3.737520217895507812e+00,1.381605625152587891e+01,1.331540107727050781e+01,1.112799930572509766e+01
3.663788318634033203e+00,1.381605625152587891e+01,1.396226501464843750e+01,1.160978221893310547e+01
3.598285913467407227e+00,1.381605625152587891e+01,1.455464458465576172e+01,1.213286209106445312e+01
3.534975290298461914e+00,1.381605625152587891e+01,1.520950222015380859e+01,1.271860122680664062e+01
3.468707561492919922e+00,1.381605625152587891e+01,1.592632484436035156e+01,1.330007934570312500e+01
3.404916763305664062e+00,1.381605625152587891e+01,1.666891479492187500e+01,1.392240428924560547e+01
3.345876216888427734e+00,1.381605625152587891e+01,1.742537117004394531e+01,1.461708164215087891e+01
3.287852287292480469e+00,1.381605625152587891e+01,1.824064254760742188e+01,1.536960887908935547e+01
3.237686395645141602e+00,1.381605625152587891e+01,1.892625045776367188e+01,1.613218879699707031e+01
3.185752391815185547e+00,1.381605625152587891e+01,1.965278053283691406e+01,1.689933013916015625e+01
3.134621143341064453e+00,1.381605625152587891e+01,2.040062904357910156e+01,1.768818092346191406e+01
3.083872795104980469e+00,1.381605625152587891e+01,2.115272521972656250e+01,1.846891021728515625e+01
3.033752918243408203e+00,1.381605625152587891e+01,2.189742088317871094e+01,1.924609375000000000e+01
2.986397504806518555e+00,1.381605625152587891e+01,2.268395996093750000e+01,2.010884666442871094e+01
2.939456939697265625e+00,1.381605625152587891e+01,2.349664115905761719e+01,2.099559020996093750e+01
2.895719766616821289e+00,1.381605625152587891e+01,2.428964042663574219e+01,2.191763496398925781e+01
2.854582309722900391e+00,1.381605625152587891e+01,2.511515235900878906e+01,2.290342712402343750e+01
2.812290906906127930e+00,1.381605625152587891e+01,2.597154998779296875e+01,2.385964584350585938e+01
2.772424697875976562e+00,1.381605625152587891e+01,2.681760787963867188e+01,2.483618545532226562e+01
2.733589887619018555e+00,1.381605625152587891e+01,2.775613212585449219e+01,2.589153671264648438e+01
2.695432186126708984e+00,1.381605625152587891e+01,2.873216438293457031e+01,2.697621345520019531e+01
2.657400846481323242e+00,1.381605625152587891e+01,2.980962181091308594e+01,2.815914344787597656e+01
2.618709325790405273e+00,1.381605625152587891e+01,3.099160766601562500e+01,2.939656639099121094e+01
2.583196640014648438e+00,1.381605625152587891e+01,3.218871688842773438e+01,3.065027236938476562e+01
2.551961421966552734e+00,1.381605625152587891e+01,3.328436660766601562e+01,3.180140113830566406e+01
5.576612949371337891e+00,1.394611644744873047e+01,1.905248761177062988e+00,2.198509216308593750e+00
5.426318168640136719e+00,1.394611644744873047e+01,2.840527296066284180e+00,3.121002197265625000e+00
5.324710845947265625e+00,1.394611644744873047e+01,3.354701280593872070e+00,3.499170780181884766e+00
5.236860275268554688e+00,1.394611644744873047e+01,3.797456026077270508e+00,3.849049806594848633e+00
5.141241073608398438e+00,1.394611644744873047e+01,4.223052024841308594e+00,4.137176513671875000e+00
5.022746086120605469e+00,1.394611644744873047e+01,4.722497463226318359e+00,4.379178047180175781e+00
4.924411296844482422e+00,1.394611644744873047e+01,5.136071205139160156e+00,4.640326023101806641e+00
4.844655990600585938e+00,1.394611644744873047e+01,5.648328304290771484e+00,5.074897766113281250e+00
4.779426574707031250e+00,1.394611644744873047e+01,6.259019851684570312e+00,5.671038627624511719e+00
4.686909675598144531e+00,1.394611644744873047e+01,6.829378604888916016e+00,6.062116146087646484e+00
4.598348617553710938e+00,1.394611644744873047e+01,7.317147254943847656e+00,6.400414466857910156e+00
4.516517162322998047e+00,1.394611644744873047e+01,7.793829441070556641e+00,6.770897865295410156e+00
4.436683177947998047e+00,1.394611644744873047e+01,8.280567169189453125e+00,7.158874034881591797e+00
4.356195926666259766e+00,1.394611644744873047e+01,8.790835380554199219e+00,7.554947853088378906e+00
4.271270275115966797e+00,1.394611644744873047e+01,9.293104171752929688e+00,7.899208068847656250e+00
4.192323207855224609e+00,1.394611644744873047e+01,9.780943870544433594e+00,8.270510673522949219e+00
4.119812488555908203e+00,1.394611644744873047e+01,1.026085662841796875e+01,8.683357238769531250e+00
4.046936511993408203e+00,1.394611644744873047e+01,1.079191493988037109e+01,9.131387710571289062e+00
3.973680019378662109e+00,1.394611644744873047e+01,1.135651206970214844e+01,9.595211029052734375e+00
3.900175571441650391e+00,1.394611644744873047e+01,1.195266819000244141e+01,1.006991481781005859e+01
3.827858448028564453e+00,1.394611644744873047e+01,1.255840969085693359e+01,1.055045223236083984e+01
3.756828308105468750e+00,1.394611644744873047e+01,1.317103385925292969e+01,1.103752994537353516e+01
3.683333396911621094e+00,1.394611644744873047e+01,1.382664585113525391e+01,1.152222537994384766e+01
3.616996765136718750e+00,1.394611644744873047e+01,1.440036392211914062e+01,1.201305389404296875e+01
3.552812099456787109e+00,1.394611644744873047e+01,1.504007434844970703e+01,1.256939220428466797e+01
3.488179206848144531e+00,1.394611644744873047e+01,1.573598194122314453e+01,1.314716434478759766e+01
3.423917293548583984e+00,1.394611644744873047e+01,1.647626495361328125e+01,1.375318813323974609e+01
3.367233991622924805e+00,1.394611644744873047e+01,1.718978881835937500e+01,1.443553066253662109e+01
3.308897972106933594e+00,1.394611644744873047e+01,1.796619415283203125e+01,1.514252662658691406e+01
3.256739854812622070e+00,1.394611644744873047e+01,1.869058799743652344e+01,1.589736270904541016e+01
3.207157611846923828e+00,1.394611644744873047e+01,1.939866828918457031e+01,1.667881393432617188e+01
3.155997753143310547e+00,1.394611644744873047e+01,2.013380432128906250e+01,1.745117759704589844e+01
3.105670213699340820e+00,1.394611644744873047e+01,2.084826850891113281e+01,1.820018386840820312e+01
3.056669950485229492e+00,1.394611644744873047e+01,2.158468246459960938e+01,1.898123931884765625e+01
3.009263515472412109e+00,1.394611644744873047e+01,2.235500526428222656e+01,1.982007980346679688e+01
2.962430715560913086e+00,1.394611644744873047e+01,2.312095832824707031e+01,2.065710449218750000e+01
2.919860124588012695e+00,1.394611644744873047e+01,2.390208816528320312e+01,2.158492469787597656e+01
2.877140045166015625e+00,1.394611644744873047e+01,2.471395874023437500e+01,2.251360893249511719e+01
2.835589885711669922e+00,1.394611644744873047e+01,2.552194023132324219e+01,2.343064880371093750e+01
2.797358989715576172e+00,1.394611644744873047e+01,2.636379241943359375e+01,2.443820762634277344e+01
2.757717132568359375e+00,1.394611644744873047e+01,2.726662445068359375e+01,2.543172264099121094e+01
2.721396207809448242e+00,1.394611644744873047e+01,2.816782569885253906e+01,2.649297142028808594e+01
2.681316375732421875e+00,1.394611644744873047e+01,2.925694656372070312e+01,2.762051963806152344e+01
2.644619226455688477e+00,1.394611644744873047e+01,3.034754943847656250e+01,2.883120918273925781e+01
2.608217239379882812e+00,1.394611644744873047e+01,3.151677894592285156e+01,3.002869606018066406e+01
2.576255321502685547e+00,1.394611644744873047e+01,3.266245651245117188e+01,3.120281600952148438e+01
5.574879646301269531e+00,1.407617568969726562e+01,1.931163430213928223e+00,2.225221157073974609e+00
5.503025054931640625e+00,1.407617568969726562e+01,2.396755695343017578e+00,2.702926397323608398e+00
5.325320720672607422e+00,1.407617568969726562e+01,3.366722583770751953e+00,3.510047197341918945e+00
5.238614082336425781e+00,1.407617568969726562e+01,3.799421787261962891e+00,3.851125001907348633e+00
5.144412040710449219e+00,1.407617568969726562e+01,4.220235824584960938e+00,4.137351512908935547e+00
5.027180671691894531e+00,1.407617568969726562e+01,4.718489646911621094e+00,4.380804061889648438e+00
4.928555965423583984e+00,1.407617568969726562e+01,5.125792026519775391e+00,4.630078792572021484e+00
4.849024295806884766e+00,1.407617568969726562e+01,5.625790596008300781e+00,5.050164222717285156e+00
4.785957813262939453e+00,1.407617568969726562e+01,6.233436584472656250e+00,5.651625156402587891e+00
4.695840835571289062e+00,1.407617568969726562e+01,6.788126945495605469e+00,6.038084030151367188e+00
4.609342098236083984e+00,1.407617568969726562e+01,7.273504734039306641e+00,6.382695674896240234e+00
4.528522491455078125e+00,1.407617568969726562e+01,7.748342514038085938e+00,6.753244876861572266e+00
4.449040412902832031e+00,1.407617568969726562e+01,8.225395202636718750e+00,7.130843162536621094e+00
4.369033813476562500e+00,1.407617568969726562e+01,8.726032257080078125e+00,7.516635894775390625e+00
4.284938812255859375e+00,1.407617568969726562e+01,9.225560188293457031e+00,7.859084606170654297e+00
4.205962657928466797e+00,1.407617568969726562e+01,9.712361335754394531e+00,8.223464012145996094e+00
4.133859634399414062e+00,1.407617568969726562e+01,1.018394279479980469e+01,8.626092910766601562e+00
4.060013771057128906e+00,1.407617568969726562e+01,1.071026802062988281e+01,9.054466247558593750e+00
3.988591194152832031e+00,1.407617568969726562e+01,1.125337982177734375e+01,9.510310173034667969e+00
3.916873216629028320e+00,1.407617568969726562e+01,1.183254241943359375e+01,9.981287002563476562e+00
3.845866918563842773e+00,1.407617568969726562e+01,1.242922496795654297e+01,1.046247768402099609e+01
3.776077747344970703e+00,1.407617568969726562e+01,1.303405284881591797e+01,1.095055675506591797e+01
3.702406883239746094e+00,1.407617568969726562e+01,1.368752384185791016e+01,1.142389678955078125e+01
3.634737491607666016e+00,1.407617568969726562e+01,1.426387023925781250e+01,1.189359283447265625e+01
3.571076869964599609e+00,1.407617568969726562e+01,1.487638759613037109e+01,1.242669010162353516e+01
3.507871389389038086e+00,1.407617568969726562e+01,1.555165481567382812e+01,1.299946689605712891e+01
3.445015192031860352e+00,1.407617568969726562e+01,1.627744483947753906e+01,1.360551929473876953e+01
3.387235641479492188e+00,1.407617568969726562e+01,1.696457862854003906e+01,1.424250221252441406e+01
3.330112695693969727e+00,1.407617568969726562e+01,1.770781898498535156e+01,1.492862224578857422e+01
3.275997877120971680e+00,1.407617568969726562e+01,1.846805572509765625e+01,1.567350482940673828e+01
3.228103160858154297e+00,1.407617568969726562e+01,1.915417861938476562e+01,1.645634078979492188e+01
3.177291393280029297e+00,1.407617568969726562e+01,1.984766197204589844e+01,1.719230651855468750e+01
3.127846479415893555e+00,1.407617568969726562e+01,2.055633926391601562e+01,1.794701576232910156e+01
3.079884529113769531e+00,1.407617568969726562e+01,2.129357337951660156e+01,1.874016571044921875e+01
3.031537771224975586e+00,1.407617568969726562e+01,2.201314735412597656e+01,1.950470352172851562e+01
2.986032962799072266e+00,1.407617568969726562e+01,2.276020431518554688e+01,2.034486579895019531e+01
2.942975759506225586e+00,1.407617568969726562e+01,2.353637695312500000e+01,2.124895668029785156e+01
2.899570703506469727e+00,1.407617568969726562e+01,2.430959701538085938e+01,2.211508178710937500e+01
2.860920190811157227e+00,1.407617568969726562e+01,2.508615112304687500e+01,2.306659698486328125e+01
2.820568084716796875e+00,1.407617568969726562e+01,2.592896080017089844e+01,2.401019668579101562e+01
2.782890796661376953e+00,1.407617568969726562e+01,2.675037574768066406e+01,2.497346305847167969e+01
2.744549036026000977e+00,1.407617568969726562e+01,2.767893981933593750e+01,2.599452972412109375e+01
2.706574440002441406e+00,1.407617568969726562e+01,2.868072319030761719e+01,2.710007476806640625e+01
2.668615341186523438e+00,1.407617568969726562e+01,2.977568435668945312e+01,2.827689743041992188e+01
2.633146047592163086e+00,1.407617568969726562e+01,3.088990402221679688e+01,2.944896125793457031e+01
2.600642681121826172e+00,1.407617568969726562e+01,3.201959609985351562e+01,3.058318138122558594e+01
5.571255683898925781e+00,1.420623588562011719e+01,1.950236320495605469e+00,2.236970424652099609e+00
5.503758907318115234e+00,1.420623588562011719e+01,2.413096427917480469e+00,2.723187208175659180e+00
5.426708221435546875e+00,1.420623588562011719e+01,2.873237371444702148e+00,3.153550863265991211e+00
5.326594352722167969e+00,1.420623588562011719e+01,3.375191926956176758e+00,3.518166065216064453e+00
5.241185188293457031e+00,1.420623588562011719e+01,3.798505544662475586e+00,3.851541996002197266e+00
5.147902488708496094e+00,1.420623588562011719e+01,4.215635299682617188e+00,4.135777473449707031e+00
5.032435417175292969e+00,1.420623588562011719e+01,4.712026119232177734e+00,4.381431102752685547e+00
4.933222770690917969e+00,1.420623588562011719e+01,5.113066673278808594e+00,4.617651939392089844e+00
4.853919506072998047e+00,1.420623588562011719e+01,5.601377010345458984e+00,5.024427413940429688e+00
4.792375564575195312e+00,1.420623588562011719e+01,6.192563056945800781e+00,5.614243984222412109e+00
4.705716609954833984e+00,1.420623588562011719e+01,6.742392063140869141e+00,6.013132095336914062e+00
4.621681690216064453e+00,1.420623588562011719e+01,7.230792522430419922e+00,6.371841907501220703e+00
4.540110588073730469e+00,1.420623588562011719e+01,7.701084136962890625e+00,6.728915691375732422e+00
4.461347103118896484e+00,1.420623588562011719e+01,8.166274070739746094e+00,7.095535278320312500e+00
4.381647109985351562e+00,1.420623588562011719e+01,8.656814575195312500e+00,7.469145774841308594e+00
4.298954486846923828e+00,1.420623588562011719e+01,9.160110473632812500e+00,7.820904731750488281e+00
4.219475269317626953e+00,1.420623588562011719e+01,9.645326614379882812e+00,8.173517227172851562e+00
4.147383689880371094e+00,1.420623588562011719e+01,1.010880947113037109e+01,8.563087463378906250e+00
4.074391365051269531e+00,1.420623588562011719e+01,1.061922550201416016e+01,8.978931427001953125e+00
4.004275798797607422e+00,1.420623588562011719e+01,1.114801025390625000e+01,9.427617073059082031e+00
3.934888362884521484e+00,1.420623588562011719e+01,1.170987892150878906e+01,9.901886940002441406e+00
3.864557504653930664e+00,1.420623588562011719e+01,1.229777240753173828e+01,1.037712860107421875e+01
3.795358180999755859e+00,1.420623588562011719e+01,1.288962841033935547e+01,1.085532188415527344e+01
3.721447944641113281e+00,1.420623588562011719e+01,1.353395080566406250e+01,1.131256866455078125e+01
3.652018547058105469e+00,1.420623588562011719e+01,1.413880538940429688e+01,1.177660560607910156e+01
3.590078353881835938e+00,1.420623588562011719e+01,1.471433067321777344e+01,1.229272365570068359e+01
3.528693675994873047e+00,1.420623588562011719e+01,1.536943054199218750e+01,1.286666679382324219e+01
3.465864181518554688e+00,1.420623588562011719e+01,1.605508422851562500e+01,1.343287086486816406e+01
3.407449245452880859e+00,1.420623588562011719e+01,1.674845886230468750e+01,1.405854797363281250e+01
3.351475715637207031e+00,1.420623588562011719e+01,1.746344757080078125e+01,1.472868156433105469e+01
3.295715808868408203e+00,1.420623588562011719e+01,1.824397468566894531e+01,1.545509243011474609e+01
3.247948646545410156e+00,1.420623588562011719e+01,1.889343643188476562e+01,1.619898605346679688e+01
3.199205636978149414e+00,1.420623588562011719e+01,1.957211112976074219e+01,1.695036888122558594e+01
3.150656461715698242e+00,1.420623588562011719e+01,2.028124427795410156e+01,1.771779823303222656e+01
3.101712942123413086e+00,1.420623588562011719e+01,2.097860717773437500e+01,1.845047760009765625e+01
3.054530143737792969e+00,1.420623588562011719e+01,2.168324470520019531e+01,1.921466255187988281e+01
3.010055065155029297e+00,1.420623588562011719e+01,2.242430686950683594e+01,2.006033515930175781e+01
2.964701652526855469e+00,1.420623588562011719e+01,2.316483879089355469e+01,2.087303161621093750e+01
2.924219131469726562e+00,1.420623588562011719e+01,2.390558433532714844e+01,2.176835441589355469e+01
2.884082078933715820e+00,1.420623588562011719e+01,2.468815422058105469e+01,2.268136024475097656e+01
2.844868898391723633e+00,1.420623588562011719e+01,2.547305870056152344e+01,2.359194755554199219e+01
2.807520389556884766e+00,1.420623588562011719e+01,2.627455520629882812e+01,2.453425979614257812e+01
2.769065618515014648e+00,1.420623588562011719e+01,2.718287277221679688e+01,2.552835655212402344e+01
2.732302665710449219e+00,1.420623588562011719e+01,2.811923217773437500e+01,2.660246467590332031e+01
2.693054676055908203e+00,1.420623588562011719e+01,2.921707916259765625e+01,2.774243164062500000e+01
2.657722711563110352e+00,1.420623588562011719e+01,3.029756927490234375e+01,2.889458656311035156e+01
2.626055717468261719e+00,1.420623588562011719e+01,3.131060028076171875e+01,2.994577026367187500e+01
5.570642471313476562e+00,1.433634471893310547e+01,1.972432017326354980e+00,2.260079145431518555e+00
5.505070686340332031e+00,1.433634471893310547e+01,2.425906181335449219e+00,2.739938974380493164e+00
5.427315235137939453e+00,1.433634471893310547e+01,2.882822751998901367e+00,3.161376476287841797e+00
5.329020977020263672e+00,1.433634471893310547e+01,3.377613782882690430e+00,3.522743701934814453e+00
5.244413375854492188e+00,1.433634471893310547e+01,3.794562816619873047e+00,3.850538492202758789e+00
5.151989936828613281e+00,1.433634471893310547e+01,4.207547664642333984e+00,4.130774497985839844e+00
5.038356781005859375e+00,1.433634471893310547e+01,4.703616619110107422e+00,4.381242752075195312e+00
4.938278675079345703e+00,1.433634471893310547e+01,5.098164558410644531e+00,4.602923870086669922e+00
4.859616279602050781e+00,1.433634471893310547e+01,5.574324131011962891e+00,4.997751712799072266e+00
4.799225807189941406e+00,1.433634471893310547e+01,6.148397445678710938e+00,5.574472904205322266e+00
4.717778205871582031e+00,1.433634471893310547e+01,6.696342945098876953e+00,5.999647140502929688e+00
4.633653640747070312e+00,1.433634471893310547e+01,7.185521602630615234e+00,6.354182720184326172e+00
4.551698207855224609e+00,1.433634471893310547e+01,7.649753093719482422e+00,6.697916984558105469e+00
4.473090171813964844e+00,1.433634471893310547e+01,8.103643417358398438e+00,7.050266742706298828e+00
4.394232749938964844e+00,1.433634471893310547e+01,8.593994140625000000e+00,7.424925327301025391e+00
4.312910556793212891e+00,1.433634471893310547e+01,9.094532012939453125e+00,7.779804229736328125e+00
4.233295917510986328e+00,1.433634471893310547e+01,9.572671890258789062e+00,8.119216918945312500e+00
4.161339282989501953e+00,1.433634471893310547e+01,1.003105926513671875e+01,8.499160766601562500e+00
4.089630126953125000e+00,1.433634471893310547e+01,1.052555274963378906e+01,8.905505180358886719e+00
4.021064281463623047e+00,1.433634471893310547e+01,1.104148006439208984e+01,9.352636337280273438e+00
3.953029155731201172e+00,1.433634471893310547e+01,1.158615970611572266e+01,9.820018768310546875e+00
3.882787942886352539e+00,1.433634471893310547e+01,1.216625213623046875e+01,1.028446578979492188e+01
3.812011957168579102e+00,1.433634471893310547e+01,1.276279258728027344e+01,1.074410915374755859e+01
3.741791248321533203e+00,1.433634471893310547e+01,1.337333965301513672e+01,1.120675659179687500e+01
3.671525478363037109e+00,1.433634471893310547e+01,1.399792671203613281e+01,1.167043876647949219e+01
3.609304904937744141e+00,1.433634471893310547e+01,1.456035995483398438e+01,1.216642284393310547e+01
3.548436164855957031e+00,1.433634471893310547e+01,1.517498588562011719e+01,1.270756626129150391e+01
3.486540794372558594e+00,1.433634471893310547e+01,1.584488010406494141e+01,1.326632881164550781e+01
3.427480220794677734e+00,1.433634471893310547e+01,1.654053688049316406e+01,1.387763309478759766e+01
3.373162269592285156e+00,1.433634471893310547e+01,1.722712898254394531e+01,1.453894329071044922e+01
3.317535400390625000e+00,1.433634471893310547e+01,1.795794677734375000e+01,1.521612453460693359e+01
3.267549514770507812e+00,1.433634471893310547e+01,1.865317344665527344e+01,1.595455741882324219e+01
3.221147060394287109e+00,1.433634471893310547e+01,1.931749725341796875e+01,1.672438049316406250e+01
3.172270536422729492e+00,1.433634471893310547e+01,1.999287796020507812e+01,1.745269966125488281e+01
3.124289512634277344e+00,1.433634471893310547e+01,2.067386245727539062e+01,1.818199539184570312e+01
3.078145980834960938e+00,1.433634471893310547e+01,2.137332153320312500e+01,1.895358085632324219e+01
3.032248497009277344e+00,1.433634471893310547e+01,2.207680130004882812e+01,1.972714233398437500e+01
2.988564014434814453e+00,1.433634471893310547e+01,2.278951263427734375e+01,2.054196357727050781e+01
2.948352098464965820e+00,1.433634471893310547e+01,2.352706718444824219e+01,2.143305397033691406e+01
2.907396316528320312e+00,1.433634471893310547e+01,2.427431678771972656e+01,2.228545379638671875e+01
2.870015382766723633e+00,1.433634471893310547e+01,2.500395774841308594e+01,2.318041419982910156e+01
2.831002712249755859e+00,1.433634471893310547e+01,2.584266471862792969e+01,2.410668373107910156e+01
2.794968366622924805e+00,1.433634471893310547e+01,2.665945053100585938e+01,2.507604217529296875e+01
2.756012439727783203e+00,1.433634471893310547e+01,2.761951637268066406e+01,2.610407829284667969e+01
2.718361377716064453e+00,1.433634471893310547e+01,2.863837814331054688e+01,2.721837997436523438e+01
2.682338714599609375e+00,1.433634471893310547e+01,2.969302749633789062e+01,2.832102584838867188e+01
2.651428937911987305e+00,1.433634471893310547e+01,3.066903114318847656e+01,2.936816406250000000e+01
5.571360588073730469e+00,1.446645450592041016e+01,1.989238023757934570e+00,2.279730319976806641e+00
5.506790161132812500e+00,1.446645450592041016e+01,2.435838937759399414e+00,2.753418684005737305e+00
5.428778648376464844e+00,1.446645450592041016e+01,2.888784408569335938e+00,3.166930675506591797e+00
5.248281955718994141e+00,1.446645450592041016e+01,3.788770198822021484e+00,3.848040580749511719e+00
5.156478881835937500e+00,1.446645450592041016e+01,4.197368621826171875e+00,4.123688220977783203e+00
5.044954776763916016e+00,1.446645450592041016e+01,4.693214416503906250e+00,4.380159854888916016e+00
4.943819522857666016e+00,1.446645450592041016e+01,5.081043720245361328e+00,4.586104393005371094e+00
4.867314815521240234e+00,1.446645450592041016e+01,5.541230678558349609e+00,4.973999500274658203e+00
4.806761741638183594e+00,1.446645450592041016e+01,6.100165843963623047e+00,5.532618045806884766e+00
4.730045795440673828e+00,1.446645450592041016e+01,6.650525093078613281e+00,5.985381126403808594e+00
4.645648956298828125e+00,1.446645450592041016e+01,7.136192798614501953e+00,6.330188751220703125e+00
4.562733173370361328e+00,1.446645450592041016e+01,7.594159603118896484e+00,6.656398296356201172e+00
4.485178947448730469e+00,1.446645450592041016e+01,8.045779228210449219e+00,7.009557723999023438e+00
4.406421661376953125e+00,1.446645450592041016e+01,8.534096717834472656e+00,7.377916812896728516e+00
4.327418327331542969e+00,1.446645450592041016e+01,9.021538734436035156e+00,7.733526706695556641e+00
4.247899055480957031e+00,1.446645450592041016e+01,9.495599746704101562e+00,8.065112113952636719e+00
4.175919055938720703e+00,1.446645450592041016e+01,9.952726364135742188e+00,8.437208175659179688e+00
4.105982303619384766e+00,1.446645450592041016e+01,1.043093395233154297e+01,8.839398384094238281e+00
4.038273334503173828e+00,1.446645450592041016e+01,1.093264865875244141e+01,9.276643753051757812e+00
3.970842838287353516e+00,1.446645450592041016e+01,1.146289825439453125e+01,9.732539176940917969e+00
3.898904800415039062e+00,1.446645450592041016e+01,1.205076503753662109e+01,1.018142032623291016e+01
3.829537630081176758e+00,1.446645450592041016e+01,1.263327598571777344e+01,1.063769721984863281e+01
3.762954711914062500e+00,1.446645450592041016e+01,1.321246814727783203e+01,1.110795211791992188e+01
3.692100048065185547e+00,1.446645450592041016e+01,1.385602474212646484e+01,1.157390403747558594e+01
3.628882884979248047e+00,1.446645450592041016e+01,1.439464664459228516e+01,1.203238201141357422e+01
3.567897319793701172e+00,1.446645450592041016e+01,1.499153137207031250e+01,1.255134010314941406e+01
3.507511377334594727e+00,1.446645450592041016e+01,1.564532852172851562e+01,1.311078834533691406e+01
3.446848869323730469e+00,1.446645450592041016e+01,1.635279273986816406e+01,1.370288467407226562e+01
3.394941329956054688e+00,1.446645450592041016e+01,1.698497772216796875e+01,1.434498119354248047e+01
3.339436531066894531e+00,1.446645450592041016e+01,1.769007301330566406e+01,1.499340534210205078e+01
3.287088871002197266e+00,1.446645450592041016e+01,1.843438529968261719e+01,1.572465610504150391e+01
3.242185354232788086e+00,1.446645450592041016e+01,1.905554008483886719e+01,1.647591590881347656e+01
3.194135427474975586e+00,1.446645450592041016e+01,1.970489311218261719e+01,1.719029617309570312e+01
3.147249221801757812e+00,1.446645450592041016e+01,2.038021659851074219e+01,1.792976379394531250e+01
3.100709438323974609e+00,1.446645450592041016e+01,2.105947303771972656e+01,1.866663932800292969e+01
3.055299043655395508e+00,1.446645450592041016e+01,2.173587989807128906e+01,1.941645812988281250e+01
3.013048410415649414e+00,1.446645450592041016e+01,2.243411254882812500e+01,2.023976516723632812e+01
2.970948934555053711e+00,1.446645450592041016e+01,2.315027809143066406e+01,2.105943870544433594e+01
2.931620121002197266e+00,1.446645450592041016e+01,2.385260009765625000e+01,2.189853477478027344e+01
2.893243789672851562e+00,1.446645450592041016e+01,2.461025238037109375e+01,2.278809928894042969e+01
2.855906486511230469e+00,1.446645450592041016e+01,2.537466430664062500e+01,2.368085861206054688e+01
2.818954467773437500e+00,1.446645450592041016e+01,2.617995643615722656e+01,2.461276245117187500e+01
2.780550003051757812e+00,1.446645450592041016e+01,2.711020088195800781e+01,2.562476158142089844e+01
2.743181943893432617e+00,1.446645450592041016e+01,2.808593940734863281e+01,2.670810508728027344e+01
2.707339286804199219e+00,1.446645450592041016e+01,2.910679817199707031e+01,2.777857398986816406e+01
2.674947738647460938e+00,1.446645450592041016e+01,3.013231468200683594e+01,2.882235336303710938e+01
5.508818626403808594e+00,1.459651470184326172e+01,2.443099975585937500e+00,2.763554096221923828e+00
5.430763721466064453e+00,1.459651470184326172e+01,2.892154455184936523e+00,3.170318126678466797e+00
5.335864543914794922e+00,1.459651470184326172e+01,3.372819185256958008e+00,3.525250911712646484e+00
5.252847194671630859e+00,1.459651470184326172e+01,3.780233621597290039e+00,3.844011068344116211e+00
5.161700725555419922e+00,1.459651470184326172e+01,4.183712959289550781e+00,4.114476680755615234e+00
5.051992416381835938e+00,1.459651470184326172e+01,4.681776523590087891e+00,4.378161907196044922e+00
4.950082302093505859e+00,1.459651470184326172e+01,5.061720848083496094e+00,4.568774700164794922e+00
4.875318050384521484e+00,1.459651470184326172e+01,5.506892681121826172e+00,4.948592185974121094e+00
4.815981864929199219e+00,1.459651470184326172e+01,6.047889232635498047e+00,5.494488239288330078e+00
4.742180347442626953e+00,1.459651470184326172e+01,6.600598812103271484e+00,5.963482379913330078e+00
4.656847000122070312e+00,1.459651470184326172e+01,7.082828521728515625e+00,6.294748783111572266e+00
4.574267864227294922e+00,1.459651470184326172e+01,7.540267944335937500e+00,6.617678642272949219e+00
4.497471809387207031e+00,1.459651470184326172e+01,7.989810466766357422e+00,6.968973159790039062e+00
4.418673038482666016e+00,1.459651470184326172e+01,8.470185279846191406e+00,7.325143814086914062e+00
4.341867923736572266e+00,1.459651470184326172e+01,8.947532653808593750e+00,7.683542728424072266e+00
4.263366222381591797e+00,1.459651470184326172e+01,9.415737152099609375e+00,8.012708663940429688e+00
4.191846847534179688e+00,1.459651470184326172e+01,9.871915817260742188e+00,8.382065773010253906e+00
4.122925281524658203e+00,1.459651470184326172e+01,1.033221912384033203e+01,8.772217750549316406e+00
4.055300235748291016e+00,1.459651470184326172e+01,1.082383346557617188e+01,9.196827888488769531e+00
3.986100435256958008e+00,1.459651470184326172e+01,1.135823822021484375e+01,9.633784294128417969e+00
3.916368484497070312e+00,1.459651470184326172e+01,1.192630577087402344e+01,1.008156585693359375e+01
3.848946094512939453e+00,1.459651470184326172e+01,1.249367713928222656e+01,1.054010581970214844e+01
3.784343481063842773e+00,1.459651470184326172e+01,1.305758190155029297e+01,1.101480102539062500e+01
3.713442325592041016e+00,1.459651470184326172e+01,1.368445491790771484e+01,1.146060752868652344e+01
3.648492336273193359e+00,1.459651470184326172e+01,1.424042892456054688e+01,1.190637397766113281e+01
3.587719917297363281e+00,1.459651470184326172e+01,1.481739330291748047e+01,1.240657711029052734e+01
3.528420686721801758e+00,1.459651470184326172e+01,1.545556545257568359e+01,1.296074390411376953e+01
3.468929290771484375e+00,1.459651470184326172e+01,1.612236976623535156e+01,1.352794837951660156e+01
3.415159940719604492e+00,1.459651470184326172e+01,1.676749038696289062e+01,1.414890384674072266e+01
3.361536502838134766e+00,1.459651470184326172e+01,1.743778038024902344e+01,1.478492164611816406e+01
3.308223962783813477e+00,1.459651470184326172e+01,1.817625045776367188e+01,1.548684787750244141e+01
3.262387990951538086e+00,1.459651470184326172e+01,1.879590988159179688e+01,1.621208381652832031e+01
3.216886043548583984e+00,1.459651470184326172e+01,1.942743873596191406e+01,1.694842147827148438e+01
3.169993638992309570e+00,1.459651470184326172e+01,2.009142112731933594e+01,1.767405128479003906e+01
3.123301506042480469e+00,1.459651470184326172e+01,2.074398040771484375e+01,1.837794303894042969e+01
3.079125404357910156e+00,1.459651470184326172e+01,2.140930938720703125e+01,1.913253974914550781e+01
3.035794734954833984e+00,1.459651470184326172e+01,2.208941268920898438e+01,1.990712738037109375e+01
2.994252204895019531e+00,1.459651470184326172e+01,2.276541709899902344e+01,2.069211006164550781e+01
2.956307172775268555e+00,1.459651470184326172e+01,2.346255683898925781e+01,2.155213928222656250e+01
2.917247056961059570e+00,1.459651470184326172e+01,2.419221496582031250e+01,2.238852310180664062e+01
2.881821155548095703e+00,1.459651470184326172e+01,2.489643096923828125e+01,2.326659393310546875e+01
2.842862129211425781e+00,1.459651470184326172e+01,2.573433876037597656e+01,2.417148399353027344e+01
2.806628227233886719e+00,1.459651470184326172e+01,2.657377052307128906e+01,2.516237831115722656e+01
2.767234325408935547e+00,1.459651470184326172e+01,2.757826042175292969e+01,2.621734237670898438e+01
2.732257366180419922e+00,1.459651470184326172e+01,2.854316329956054688e+01,2.726930427551269531e+01
2.699721336364746094e+00,1.459651470184326172e+01,2.950662994384765625e+01,2.824293708801269531e+01
5.574415206909179688e+00,1.472662258148193359e+01,2.012921810150146484e+00,2.309130907058715820e+00
5.511061668395996094e+00,1.472662258148193359e+01,2.448035240173339844e+00,2.770501613616943359e+00
5.433431148529052734e+00,1.472662258148193359e+01,2.892234086990356445e+00,3.171096086502075195e+00
5.340569496154785156e+00,1.472662258148193359e+01,3.364592552185058594e+00,3.522989749908447266e+00
5.257898807525634766e+00,1.472662258148193359e+01,3.769706964492797852e+00,3.838502168655395508e+00
5.167432308197021484e+00,1.472662258148193359e+01,4.167469024658203125e+00,4.103230953216552734e+00
5.059669017791748047e+00,1.472662258148193359e+01,4.668560028076171875e+00,4.375760078430175781e+00
4.959431648254394531e+00,1.472662258148193359e+01,5.038393497467041016e+00,4.561057567596435547e+00
4.883684158325195312e+00,1.472662258148193359e+01,5.471315860748291016e+00,4.921712875366210938e+00
4.826593399047851562e+00,1.472662258148193359e+01,5.995681285858154297e+00,5.462096691131591797e+00
4.753596782684326172e+00,1.472662258148193359e+01,6.545800685882568359e+00,5.930855274200439453e+00
4.668498516082763672e+00,1.472662258148193359e+01,7.026547908782958984e+00,6.257265567779541016e+00
4.585954189300537109e+00,1.472662258148193359e+01,7.490167140960693359e+00,6.581096172332763672e+00
4.509650230407714844e+00,1.472662258148193359e+01,7.931635379791259766e+00,6.923627853393554688e+00
4.432172298431396484e+00,1.472662258148193359e+01,8.398179054260253906e+00,7.271888732910156250e+00
4.357609748840332031e+00,1.472662258148193359e+01,8.865406036376953125e+00,7.634380817413330078e+00
4.279882431030273438e+00,1.472662258148193359e+01,9.335705757141113281e+00,7.967053890228271484e+00
4.207369804382324219e+00,1.472662258148193359e+01,9.791758537292480469e+00,8.322396278381347656e+00
4.139701843261718750e+00,1.472662258148193359e+01,1.023328781127929688e+01,8.701713562011718750e+00
4.070217132568359375e+00,1.472662258148193359e+01,1.073069095611572266e+01,9.108847618103027344e+00
4.002658843994140625e+00,1.472662258148193359e+01,1.124692916870117188e+01,9.539696693420410156e+00
3.935273885726928711e+00,1.472662258148193359e+01,1.179367637634277344e+01,9.987565040588378906e+00
3.869500875473022461e+00,1.472662258148193359e+01,1.234909343719482422e+01,1.044880962371826172e+01
3.802700996398925781e+00,1.472662258148193359e+01,1.291775512695312500e+01,1.089910507202148438e+01
3.733799934387207031e+00,1.472662258148193359e+01,1.351983737945556641e+01,1.134042453765869141e+01
3.667524814605712891e+00,1.472662258148193359e+01,1.410570240020751953e+01,1.178942871093750000e+01
3.608023405075073242e+00,1.472662258148193359e+01,1.464934062957763672e+01,1.227057075500488281e+01
3.548763513565063477e+00,1.472662258148193359e+01,1.526299095153808594e+01,1.279940700531005859e+01
3.489900350570678711e+00,1.472662258148193359e+01,1.590274143218994141e+01,1.334619426727294922e+01
3.436017990112304688e+00,1.472662258148193359e+01,1.655309677124023438e+01,1.396298694610595703e+01
3.383967161178588867e+00,1.472662258148193359e+01,1.719553565979003906e+01,1.459036159515380859e+01
3.330532550811767578e+00,1.472662258148193359e+01,1.788455009460449219e+01,1.523804473876953125e+01
3.282381772994995117e+00,1.472662258148193359e+01,1.855726814270019531e+01,1.596203517913818359e+01
3.239157438278198242e+00,1.472662258148193359e+01,1.917134094238281250e+01,1.671594238281250000e+01
3.192135334014892578e+00,1.472662258148193359e+01,1.979487419128417969e+01,1.739842796325683594e+01
3.146657943725585938e+00,1.472662258148193359e+01,2.044054222106933594e+01,1.811209487915039062e+01
3.102433204650878906e+00,1.472662258148193359e+01,2.109350967407226562e+01,1.884734725952148438e+01
3.059021949768066406e+00,1.472662258148193359e+01,2.174001693725585938e+01,1.958003807067871094e+01
3.019113063812255859e+00,1.472662258148193359e+01,2.239300155639648438e+01,2.037300300598144531e+01
2.979378700256347656e+00,1.472662258148193359e+01,2.308533477783203125e+01,2.117623710632324219e+01
2.942292213439941406e+00,1.472662258148193359e+01,2.376387023925781250e+01,2.200341033935546875e+01
2.904731750488281250e+00,1.472662258148193359e+01,2.449360275268554688e+01,2.284572792053222656e+01
2.868247985839843750e+00,1.472662258148193359e+01,2.525675392150878906e+01,2.373944854736328125e+01
2.830532550811767578e+00,1.472662258148193359e+01,2.611736106872558594e+01,2.470881271362304688e+01
2.791691064834594727e+00,1.472662258148193359e+01,2.706517219543457031e+01,2.573353767395019531e+01
2.755983591079711914e+00,1.472662258148193359e+01,2.802663421630859375e+01,2.676213455200195312e+01
2.724848031997680664e+00,1.472662258148193359e+01,2.890059280395507812e+01,2.769948768615722656e+01
5.513633251190185547e+00,1.485668277740478516e+01,2.449956655502319336e+00,2.773712158203125000e+00
5.436792373657226562e+00,1.485668277740478516e+01,2.888899087905883789e+00,3.169106721878051758e+00
5.345685482025146484e+00,1.485668277740478516e+01,3.354377746582031250e+00,3.519108295440673828e+00
5.263385295867919922e+00,1.485668277740478516e+01,3.757408142089843750e+00,3.831336498260498047e+00
5.173865318298339844e+00,1.485668277740478516e+01,4.149935722351074219e+00,4.092494487762451172e+00
5.068072795867919922e+00,1.485668277740478516e+01,4.652950286865234375e+00,4.372749805450439453e+00
4.970039367675781250e+00,1.485668277740478516e+01,5.010704517364501953e+00,4.553465843200683594e+00
4.892590999603271484e+00,1.485668277740478516e+01,5.434045314788818359e+00,4.893858909606933594e+00
4.835914134979248047e+00,1.485668277740478516e+01,5.943663597106933594e+00,5.420525550842285156e+00
4.764723300933837891e+00,1.485668277740478516e+01,6.485453605651855469e+00,5.888824462890625000e+00
4.680451869964599609e+00,1.485668277740478516e+01,6.973855972290039062e+00,6.222833633422851562e+00
4.597596645355224609e+00,1.485668277740478516e+01,7.437984466552734375e+00,6.539959907531738281e+00
4.521558284759521484e+00,1.485668277740478516e+01,7.874682903289794922e+00,6.874871253967285156e+00
4.447059631347656250e+00,1.485668277740478516e+01,8.320566177368164062e+00,7.222303390502929688e+00
4.374667167663574219e+00,1.485668277740478516e+01,8.781372070312500000e+00,7.591766357421875000e+00
4.296648979187011719e+00,1.485668277740478516e+01,9.254355430603027344e+00,7.919560909271240234e+00
4.223159790039062500e+00,1.485668277740478516e+01,9.707555770874023438e+00,8.259649276733398438e+00
4.154761314392089844e+00,1.485668277740478516e+01,1.015064334869384766e+01,8.628046989440917969e+00
4.085883140563964844e+00,1.485668277740478516e+01,1.063525867462158203e+01,9.023304939270019531e+00
4.020681858062744141e+00,1.485668277740478516e+01,1.112825393676757812e+01,9.451416969299316406e+00
3.955154895782470703e+00,1.485668277740478516e+01,1.165797138214111328e+01,9.898919105529785156e+00
3.888556957244873047e+00,1.485668277740478516e+01,1.220811748504638672e+01,1.034258270263671875e+01
3.821418523788452148e+00,1.485668277740478516e+01,1.277091979980468750e+01,1.077958202362060547e+01
3.755219697952270508e+00,1.485668277740478516e+01,1.335229778289794922e+01,1.122837543487548828e+01
3.687945604324340820e+00,1.485668277740478516e+01,1.396379661560058594e+01,1.168033981323242188e+01
3.627701759338378906e+00,1.485668277740478516e+01,1.448989486694335938e+01,1.213297939300537109e+01
3.568918228149414062e+00,1.485668277740478516e+01,1.506697559356689453e+01,1.263180065155029297e+01
3.511239528656005859e+00,1.485668277740478516e+01,1.569504356384277344e+01,1.317774772644042969e+01
3.456295967102050781e+00,1.485668277740478516e+01,1.634810256958007812e+01,1.377633285522460938e+01
3.406849145889282227e+00,1.485668277740478516e+01,1.695140647888183594e+01,1.440096092224121094e+01
3.353033781051635742e+00,1.485668277740478516e+01,1.761213874816894531e+01,1.500913619995117188e+01
3.302184343338012695e+00,1.485668277740478516e+01,1.834091186523437500e+01,1.572768688201904297e+01
3.260732650756835938e+00,1.485668277740478516e+01,1.889152526855468750e+01,1.644801139831542969e+01
3.214832782745361328e+00,1.485668277740478516e+01,1.950547027587890625e+01,1.713712692260742188e+01
3.170363187789916992e+00,1.485668277740478516e+01,2.014864158630371094e+01,1.786175727844238281e+01
3.125148773193359375e+00,1.485668277740478516e+01,2.076995277404785156e+01,1.854183197021484375e+01
3.082955837249755859e+00,1.485668277740478516e+01,2.140162277221679688e+01,1.927849578857421875e+01
3.042266607284545898e+00,1.485668277740478516e+01,2.204741668701171875e+01,2.003635215759277344e+01
3.003404855728149414e+00,1.485668277740478516e+01,2.269577598571777344e+01,2.081036949157714844e+01
2.966696500778198242e+00,1.485668277740478516e+01,2.335436630249023438e+01,2.161902236938476562e+01
2.929206132888793945e+00,1.485668277740478516e+01,2.407002449035644531e+01,2.244175148010253906e+01
2.893823146820068359e+00,1.485668277740478516e+01,2.479362487792968750e+01,2.332288551330566406e+01
2.854489326477050781e+00,1.485668277740478516e+01,2.564845466613769531e+01,2.424744415283203125e+01
2.817200899124145508e+00,1.485668277740478516e+01,2.653357505798339844e+01,2.526107215881347656e+01
2.780458450317382812e+00,1.485668277740478516e+01,2.748607635498046875e+01,2.625578689575195312e+01
2.748663187026977539e+00,1.485668277740478516e+01,2.839835357666015625e+01,2.720950508117675781e+01
5.578704357147216797e+00,1.498679256439208984e+01,2.024956703186035156e+00,2.324261188507080078e+00
5.516617298126220703e+00,1.498679256439208984e+01,2.448769807815551758e+00,2.773547410964965820e+00
5.440538883209228516e+00,1.498679256439208984e+01,2.883767604827880859e+00,3.165645122528076172e+00
5.351758956909179688e+00,1.498679256439208984e+01,3.339955806732177734e+00,3.512885093688964844e+00
5.269272804260253906e+00,1.498679256439208984e+01,3.743309497833251953e+00,3.822703838348388672e+00
5.180781364440917969e+00,1.498679256439208984e+01,4.130214691162109375e+00,4.079808235168457031e+00
5.078322410583496094e+00,1.498679256439208984e+01,4.625080585479736328e+00,4.365364551544189453e+00
4.980862140655517578e+00,1.498679256439208984e+01,4.982677459716796875e+00,4.544813632965087891e+00
4.902988910675048828e+00,1.498679256439208984e+01,5.393236160278320312e+00,4.868732452392578125e+00
4.843482494354248047e+00,1.498679256439208984e+01,5.886966228485107422e+00,5.361713409423828125e+00
4.776230812072753906e+00,1.498679256439208984e+01,6.423396110534667969e+00,5.845740318298339844e+00
4.692136764526367188e+00,1.498679256439208984e+01,6.922581195831298828e+00,6.185857295989990234e+00
4.610177516937255859e+00,1.498679256439208984e+01,7.379714488983154297e+00,6.497847557067871094e+00
4.535717010498046875e+00,1.498679256439208984e+01,7.805471420288085938e+00,6.829082965850830078e+00
4.463242053985595703e+00,1.498679256439208984e+01,8.241036415100097656e+00,7.178215503692626953e+00
4.391953468322753906e+00,1.498679256439208984e+01,8.697455406188964844e+00,7.548676967620849609e+00
4.313727378845214844e+00,1.498679256439208984e+01,9.168239593505859375e+00,7.868670463562011719e+00
4.239091396331787109e+00,1.498679256439208984e+01,9.624733924865722656e+00,8.197045326232910156e+00
4.170588970184326172e+00,1.498679256439208984e+01,1.006463336944580078e+01,8.556102752685546875e+00
4.103293418884277344e+00,1.498679256439208984e+01,1.052963066101074219e+01,8.942899703979492188e+00
4.039402008056640625e+00,1.498679256439208984e+01,1.101065254211425781e+01,9.368883132934570312e+00
3.974616765975952148e+00,1.498679256439208984e+01,1.152164649963378906e+01,9.803541183471679688e+00
3.906373023986816406e+00,1.498679256439208984e+01,1.207424831390380859e+01,1.022826480865478516e+01
3.840267658233642578e+00,1.498679256439208984e+01,1.263172531127929688e+01,1.066599941253662109e+01
3.777992725372314453e+00,1.498679256439208984e+01,1.318043804168701172e+01,1.112589263916015625e+01
3.709197998046875000e+00,1.498679256439208984e+01,1.380417919158935547e+01,1.156590747833251953e+01
3.647878646850585938e+00,1.498679256439208984e+01,1.432365322113037109e+01,1.199423885345458984e+01
3.589577436447143555e+00,1.498679256439208984e+01,1.488044738769531250e+01,1.247717285156250000e+01
3.533539772033691406e+00,1.498679256439208984e+01,1.549103832244873047e+01,1.302326393127441406e+01
3.477090835571289062e+00,1.498679256439208984e+01,1.612676048278808594e+01,1.358217144012451172e+01
3.428186178207397461e+00,1.498679256439208984e+01,1.672387886047363281e+01,1.420272922515869141e+01
3.375646829605102539e+00,1.498679256439208984e+01,1.735875129699707031e+01,1.479830360412597656e+01
3.324920654296875000e+00,1.498679256439208984e+01,1.804486083984375000e+01,1.547127532958984375e+01
3.280640602111816406e+00,1.498679256439208984e+01,1.864204216003417969e+01,1.617639923095703125e+01
3.238380670547485352e+00,1.498679256439208984e+01,1.922892189025878906e+01,1.689844322204589844e+01
3.192622900009155273e+00,1.498679256439208984e+01,1.984222602844238281e+01,1.756762886047363281e+01
3.148639917373657227e+00,1.498679256439208984e+01,2.045547676086425781e+01,1.825778388977050781e+01
3.106797695159912109e+00,1.498679256439208984e+01,2.107879638671875000e+01,1.898666572570800781e+01
3.065621852874755859e+00,1.498679256439208984e+01,2.169464302062988281e+01,1.969934654235839844e+01
3.028439998626708984e+00,1.498679256439208984e+01,2.230084228515625000e+01,2.046126937866210938e+01
2.990221738815307617e+00,1.498679256439208984e+01,2.297720909118652344e+01,2.124180984497070312e+01
2.955035686492919922e+00,1.498679256439208984e+01,2.362598419189453125e+01,2.204778099060058594e+01
2.917344808578491211e+00,1.498679256439208984e+01,2.436854171752929688e+01,2.288430213928222656e+01
2.880007743835449219e+00,1.498679256439208984e+01,2.516320610046386719e+01,2.380754852294921875e+01
2.840952157974243164e+00,1.498679256439208984e+01,2.606835174560546875e+01,2.480132484436035156e+01
2.804867982864379883e+00,1.498679256439208984e+01,2.697614860534667969e+01,2.578250885009765625e+01
2.772419214248657227e+00,1.498679256439208984e+01,2.786848831176757812e+01,2.669774818420410156e+01
5.581379413604736328e+00,1.511680221557617188e+01,2.026455163955688477e+00,2.326552867889404297e+00
5.519986629486083984e+00,1.511680221557617188e+01,2.444674730300903320e+00,2.770197153091430664e+00
5.444962501525878906e+00,1.511680221557617188e+01,2.875376224517822266e+00,3.159501075744628906e+00
5.358155250549316406e+00,1.511680221557617188e+01,3.323807239532470703e+00,3.505070686340332031e+00
5.275780677795410156e+00,1.511680221557617188e+01,3.726588964462280273e+00,3.812254905700683594e+00
5.188069820404052734e+00,1.511680221557617188e+01,4.108863353729248047e+00,4.065604686737060547e+00
5.089776992797851562e+00,1.511680221557617188e+01,4.588781356811523438e+00,4.354106903076171875e+00
4.991944313049316406e+00,1.511680221557617188e+01,4.954566001892089844e+00,4.535430431365966797e+00
4.913170814514160156e+00,1.511680221557617188e+01,5.353213787078857422e+00,4.840954780578613281e+00
4.849596023559570312e+00,1.511680221557617188e+01,5.831352233886718750e+00,5.293977737426757812e+00
4.787954330444335938e+00,1.511680221557617188e+01,6.364299774169921875e+00,5.804228782653808594e+00
4.704393863677978516e+00,1.511680221557617188e+01,6.867048263549804688e+00,6.146432876586914062e+00
4.623954772949218750e+00,1.511680221557617188e+01,7.315061092376708984e+00,6.456020355224609375e+00
4.550690650939941406e+00,1.511680221557617188e+01,7.735409259796142578e+00,6.786384582519531250e+00
4.480227470397949219e+00,1.511680221557617188e+01,8.162929534912109375e+00,7.139062404632568359e+00
4.408984661102294922e+00,1.511680221557617188e+01,8.610000610351562500e+00,7.498237133026123047e+00
4.330107212066650391e+00,1.511680221557617188e+01,9.083896636962890625e+00,7.811639308929443359e+00
4.255447864532470703e+00,1.511680221557617188e+01,9.541211128234863281e+00,8.135240554809570312e+00
4.188034057617187500e+00,1.511680221557617188e+01,9.969617843627929688e+00,8.488654136657714844e+00
4.121499538421630859e+00,1.511680221557617188e+01,1.042365932464599609e+01,8.867881774902343750e+00
4.057783603668212891e+00,1.511680221557617188e+01,1.089204692840576172e+01,9.280284881591796875e+00
3.992402076721191406e+00,1.511680221557617188e+01,1.139323043823242188e+01,9.696231842041015625e+00
3.924704790115356445e+00,1.511680221557617188e+01,1.194589519500732422e+01,1.012160301208496094e+01
3.860377073287963867e+00,1.511680221557617188e+01,1.248846244812011719e+01,1.056081199645996094e+01
3.799929380416870117e+00,1.511680221557617188e+01,1.301882266998291016e+01,1.102133369445800781e+01
3.731605768203735352e+00,1.511680221557617188e+01,1.361560249328613281e+01,1.143875026702880859e+01
3.668673753738403320e+00,1.511680221557617188e+01,1.416612720489501953e+01,1.186947345733642578e+01
3.610918045043945312e+00,1.511680221557617188e+01,1.469998931884765625e+01,1.233479404449462891e+01
3.553545236587524414e+00,1.511680221557617188e+01,1.529252147674560547e+01,1.284374237060546875e+01
3.498681545257568359e+00,1.511680221557617188e+01,1.590366363525390625e+01,1.339614105224609375e+01
3.448438405990600586e+00,1.511680221557617188e+01,1.651963233947753906e+01,1.400855350494384766e+01
3.398739337921142578e+00,1.511680221557617188e+01,1.710695648193359375e+01,1.459645557403564453e+01
3.347808361053466797e+00,1.511680221557617188e+01,1.775084495544433594e+01,1.521950435638427734e+01
3.300814151763916016e+00,1.511680221557617188e+01,1.841024780273437500e+01,1.592492961883544922e+01
3.260275363922119141e+00,1.511680221557617188e+01,1.895552825927734375e+01,1.663256645202636719e+01
3.215656518936157227e+00,1.511680221557617188e+01,1.954446029663085938e+01,1.729430770874023438e+01
3.172842979431152344e+00,1.511680221557617188e+01,2.015584754943847656e+01,1.799863243103027344e+01
3.129642486572265625e+00,1.511680221557617188e+01,2.075203323364257812e+01,1.866893959045410156e+01
3.089890003204345703e+00,1.511680221557617188e+01,2.134538841247558594e+01,1.938336372375488281e+01
3.051583766937255859e+00,1.511680221557617188e+01,2.195569610595703125e+01,2.011489868164062500e+01
3.014955759048461914e+00,1.511680221557617188e+01,2.257685852050781250e+01,2.087026214599609375e+01
2.979227304458618164e+00,1.511680221557617188e+01,2.322087478637695312e+01,2.164876747131347656e+01
2.942443609237670898e+00,1.511680221557617188e+01,2.393255233764648438e+01,2.246968841552734375e+01
2.905259370803833008e+00,1.511680221557617188e+01,2.469953727722167969e+01,2.337384033203125000e+01
2.865152359008789062e+00,1.511680221557617188e+01,2.560550689697265625e+01,2.435083770751953125e+01
2.828988790512084961e+00,1.511680221557617188e+01,2.648698425292968750e+01,2.531792068481445312e+01
2.797152757644653320e+00,1.511680221557617188e+01,2.730520057678222656e+01,2.618222618103027344e+01
5.584372043609619141e+00,1.524691295623779297e+01,2.025262117385864258e+00,2.325737714767456055e+00
5.523704528808593750e+00,1.524691295623779297e+01,2.437933206558227539e+00,2.763851881027221680e+00
5.449799060821533203e+00,1.524691295623779297e+01,2.864955425262451172e+00,3.151614665985107422e+00
5.365081787109375000e+00,1.524691295623779297e+01,3.305144071578979492e+00,3.495478153228759766e+00
5.282812118530273438e+00,1.524691295623779297e+01,3.707696437835693359e+00,3.800496339797973633e+00
5.195776939392089844e+00,1.524691295623779297e+01,4.085591316223144531e+00,4.049767971038818359e+00
5.101740837097167969e+00,1.524691295623779297e+01,4.549698829650878906e+00,4.341012001037597656e+00
5.003316402435302734e+00,1.524691295623779297e+01,4.926304340362548828e+00,4.525715827941894531e+00
4.922223091125488281e+00,1.524691295623779297e+01,5.314728736877441406e+00,4.806893348693847656e+00
4.855593681335449219e+00,1.524691295623779297e+01,5.775699138641357422e+00,5.223752021789550781e+00
4.797917842864990234e+00,1.524691295623779297e+01,6.305897712707519531e+00,5.750622272491455078e+00
4.717388153076171875e+00,1.524691295623779297e+01,6.807739257812500000e+00,6.106775283813476562e+00
4.639112472534179688e+00,1.524691295623779297e+01,7.245547771453857422e+00,6.417130470275878906e+00
4.566953659057617188e+00,1.524691295623779297e+01,7.665170669555664062e+00,6.750376224517822266e+00
4.497122764587402344e+00,1.524691295623779297e+01,8.081220626831054688e+00,7.094133377075195312e+00
4.422777175903320312e+00,1.524691295623779297e+01,8.534112930297851562e+00,7.431080341339111328e+00
4.346990585327148438e+00,1.524691295623779297e+01,8.999256134033203125e+00,7.756174564361572266e+00
4.273115158081054688e+00,1.524691295623779297e+01,9.449702262878417969e+00,8.075716018676757812e+00
4.205223083496093750e+00,1.524691295623779297e+01,9.882213592529296875e+00,8.423647880554199219e+00
4.139820098876953125e+00,1.524691295623779297e+01,1.031675529479980469e+01,8.791101455688476562e+00
4.074476242065429688e+00,1.524691295623779297e+01,1.078080177307128906e+01,9.179911613464355469e+00
4.009806156158447266e+00,1.524691295623779297e+01,1.127565193176269531e+01,9.592668533325195312e+00
3.944520473480224609e+00,1.524691295623779297e+01,1.180851650238037109e+01,1.002080535888671875e+01
3.882484674453735352e+00,1.524691295623779297e+01,1.233631992340087891e+01,1.046755886077880859e+01
3.818011760711669922e+00,1.524691295623779297e+01,1.287437438964843750e+01,1.088755989074707031e+01
3.753696918487548828e+00,1.524691295623779297e+01,1.344133186340332031e+01,1.131890296936035156e+01
3.689737796783447266e+00,1.524691295623779297e+01,1.402139663696289062e+01,1.175659370422363281e+01
3.631348133087158203e+00,1.524691295623779297e+01,1.452968883514404297e+01,1.218827438354492188e+01
3.574236869812011719e+00,1.524691295623779297e+01,1.509635734558105469e+01,1.267317008972167969e+01
3.519016742706298828e+00,1.524691295623779297e+01,1.570181941986083984e+01,1.320946121215820312e+01
3.469792366027832031e+00,1.524691295623779297e+01,1.629548645019531250e+01,1.381176757812500000e+01
3.422339677810668945e+00,1.524691295623779297e+01,1.685974502563476562e+01,1.440604400634765625e+01
3.370288610458374023e+00,1.524691295623779297e+01,1.748335266113281250e+01,1.498477077484130859e+01
3.322040557861328125e+00,1.524691295623779297e+01,1.815550994873046875e+01,1.566999340057373047e+01
3.282618045806884766e+00,1.524691295623779297e+01,1.867699432373046875e+01,1.636865425109863281e+01
3.239328861236572266e+00,1.524691295623779297e+01,1.925532341003417969e+01,1.703872489929199219e+01
3.195594787597656250e+00,1.524691295623779297e+01,1.984965705871582031e+01,1.770343399047851562e+01
3.153401851654052734e+00,1.524691295623779297e+01,2.042793846130371094e+01,1.836921501159667969e+01
3.114135742187500000e+00,1.524691295623779297e+01,2.101372337341308594e+01,1.907839393615722656e+01
3.075331926345825195e+00,1.524691295623779297e+01,2.159811973571777344e+01,1.976963424682617188e+01
3.040627956390380859e+00,1.524691295623779297e+01,2.216323661804199219e+01,2.050483512878417969e+01
3.003268241882324219e+00,1.524691295623779297e+01,2.283244895935058594e+01,2.126107788085937500e+01
2.968826770782470703e+00,1.524691295623779297e+01,2.347379302978515625e+01,2.206889915466308594e+01
2.929215669631958008e+00,1.524691295623779297e+01,2.428657913208007812e+01,2.295408058166503906e+01
2.890445709228515625e+00,1.524691295623779297e+01,2.511234474182128906e+01,2.389934158325195312e+01
2.852917909622192383e+00,1.524691295623779297e+01,2.599835968017578125e+01,2.484535598754882812e+01
2.821822166442871094e+00,1.524691295623779297e+01,2.677952766418457031e+01,2.570327568054199219e+01
5.587653160095214844e+00,1.537702083587646484e+01,2.021598577499389648e+00,2.322000741958618164e+00
5.527645587921142578e+00,1.537702083587646484e+01,2.429249048233032227e+00,2.755039691925048828e+00
5.456185340881347656e+00,1.537702083587646484e+01,2.850392341613769531e+00,3.144116401672363281e+00
5.372632980346679688e+00,1.537702083587646484e+01,3.283550739288330078e+00,3.483829498291015625e+00
5.290169715881347656e+00,1.537702083587646484e+01,3.686976432800292969e+00,3.787100553512573242e+00
5.203975200653076172e+00,1.537702083587646484e+01,4.060019493103027344e+00,4.032352924346923828e+00
5.114538192749023438e+00,1.537702083587646484e+01,4.506464481353759766e+00,4.326121330261230469e+00
5.015233516693115234e+00,1.537702083587646484e+01,4.897129535675048828e+00,4.516116142272949219e+00
4.931320190429687500e+00,1.537702083587646484e+01,5.274440765380859375e+00,4.769630908966064453e+00
4.861853122711181641e+00,1.537702083587646484e+01,5.723058700561523438e+00,5.156665325164794922e+00
4.808064460754394531e+00,1.537702083587646484e+01,6.243494987487792969e+00,5.692420482635498047e+00
4.731692314147949219e+00,1.537702083587646484e+01,6.739589691162109375e+00,6.065576553344726562e+00
4.655510902404785156e+00,1.537702083587646484e+01,7.173555850982666016e+00,6.382285594940185547e+00
4.582937240600585938e+00,1.537702083587646484e+01,7.594018936157226562e+00,6.709980010986328125e+00
4.510989665985107422e+00,1.537702083587646484e+01,8.007749557495117188e+00,7.032365322113037109e+00
4.436528682708740234e+00,1.537702083587646484e+01,8.462632179260253906e+00,7.365147113800048828e+00
4.364857673645019531e+00,1.537702083587646484e+01,8.910144805908203125e+00,7.702656269073486328e+00
4.291457653045654297e+00,1.537702083587646484e+01,9.357905387878417969e+00,8.019670486450195312e+00
4.223186016082763672e+00,1.537702083587646484e+01,9.790656089782714844e+00,8.360189437866210938e+00
4.157014369964599609e+00,1.537702083587646484e+01,1.021396636962890625e+01,8.705859184265136719e+00
4.091542720794677734e+00,1.537702083587646484e+01,1.067469978332519531e+01,9.086289405822753906e+00
4.028193473815917969e+00,1.537702083587646484e+01,1.115577411651611328e+01,9.494560241699218750e+00
3.966107845306396484e+00,1.537702083587646484e+01,1.166421031951904297e+01,9.929885864257812500e+00
3.901051044464111328e+00,1.537702083587646484e+01,1.219202518463134766e+01,1.034217166900634766e+01
3.837145090103149414e+00,1.537702083587646484e+01,1.272862052917480469e+01,1.076207542419433594e+01
3.776214838027954102e+00,1.537702083587646484e+01,1.326907348632812500e+01,1.120456600189208984e+01
3.711035728454589844e+00,1.537702083587646484e+01,1.386258506774902344e+01,1.163454532623291016e+01
3.651638984680175781e+00,1.537702083587646484e+01,1.436656093597412109e+01,1.204593563079833984e+01
3.595210552215576172e+00,1.537702083587646484e+01,1.490465736389160156e+01,1.250932788848876953e+01
3.542085409164428711e+00,1.537702083587646484e+01,1.548645591735839844e+01,1.304637336730957031e+01
3.490496397018432617e+00,1.537702083587646484e+01,1.607260894775390625e+01,1.360653495788574219e+01
3.444880247116088867e+00,1.537702083587646484e+01,1.663599205017089844e+01,1.422050952911376953e+01
3.393387794494628906e+00,1.537702083587646484e+01,1.722831726074218750e+01,1.477061271667480469e+01
3.345375776290893555e+00,1.537702083587646484e+01,1.785655212402343750e+01,1.541153907775878906e+01
3.302108526229858398e+00,1.537702083587646484e+01,1.844112396240234375e+01,1.609309387207031250e+01
3.262449502944946289e+00,1.537702083587646484e+01,1.897283744812011719e+01,1.677678108215332031e+01
3.218838214874267578e+00,1.537702083587646484e+01,1.954274368286132812e+01,1.741432762145996094e+01
3.178051948547363281e+00,1.537702083587646484e+01,2.011515998840332031e+01,1.809253883361816406e+01
3.137315273284912109e+00,1.537702083587646484e+01,2.068284034729003906e+01,1.874885940551757812e+01
3.100262403488159180e+00,1.537702083587646484e+01,2.123647117614746094e+01,1.943992042541503906e+01
3.063677549362182617e+00,1.537702083587646484e+01,2.182170104980468750e+01,2.014422225952148438e+01
3.028789758682250977e+00,1.537702083587646484e+01,2.242180061340332031e+01,2.088430213928222656e+01
2.992465019226074219e+00,1.537702083587646484e+01,2.309585571289062500e+01,2.167427635192871094e+01
2.954058170318603516e+00,1.537702083587646484e+01,2.383534431457519531e+01,2.252492904663085938e+01
2.914726734161376953e+00,1.537702083587646484e+01,2.466368103027343750e+01,2.346658325195312500e+01
2.877211809158325195e+00,1.537702083587646484e+01,2.551954078674316406e+01,2.439269828796386719e+01
2.844793319702148438e+00,1.537702083587646484e+01,2.634700202941894531e+01,2.525760459899902344e+01
5.591211795806884766e+00,1.550713062286376953e+01,2.015586376190185547e+00,2.315482378005981445e+00
5.531872749328613281e+00,1.550713062286376953e+01,2.418452024459838867e+00,2.743632793426513672e+00
5.462401390075683594e+00,1.550713062286376953e+01,2.834965229034423828e+00,3.133564710617065430e+00
5.380490303039550781e+00,1.550713062286376953e+01,3.260389804840087891e+00,3.470606803894042969e+00
5.297528266906738281e+00,1.550713062286376953e+01,3.661635398864746094e+00,3.767351865768432617e+00
5.209971904754638672e+00,1.550713062286376953e+01,4.045703411102294922e+00,4.013854026794433594e+00
5.127455711364746094e+00,1.550713062286376953e+01,4.462398529052734375e+00,4.309447765350341797e+00
5.027467727661132812e+00,1.550713062286376953e+01,4.868755817413330078e+00,4.507499217987060547e+00
4.940671443939208984e+00,1.550713062286376953e+01,5.232459068298339844e+00,4.730806827545166016e+00
4.870016098022460938e+00,1.550713062286376953e+01,5.678936958312988281e+00,5.105942726135253906e+00
4.818271160125732422e+00,1.550713062286376953e+01,6.178000450134277344e+00,5.629740715026855469e+00
4.747451305389404297e+00,1.550713062286376953e+01,6.664638042449951172e+00,6.025568485260009766e+00
4.672115325927734375e+00,1.550713062286376953e+01,7.104843616485595703e+00,6.350444316864013672e+00
4.597660541534423828e+00,1.550713062286376953e+01,7.523263931274414062e+00,6.659501075744628906e+00
4.524189949035644531e+00,1.550713062286376953e+01,7.943038463592529297e+00,6.971540927886962891e+00
4.451972961425781250e+00,1.550713062286376953e+01,8.383193016052246094e+00,7.303201675415039062e+00
4.383596420288085938e+00,1.550713062286376953e+01,8.814990043640136719e+00,7.649103164672851562e+00
4.310269832611083984e+00,1.550713062286376953e+01,9.266128540039062500e+00,7.966082096099853516e+00
4.239938259124755859e+00,1.550713062286376953e+01,9.696329116821289062e+00,8.282666206359863281e+00
4.174223899841308594e+00,1.550713062286376953e+01,1.011774158477783203e+01,8.625468254089355469e+00
4.109032630920410156e+00,1.550713062286376953e+01,1.057061672210693359e+01,8.995763778686523438e+00
4.048892498016357422e+00,1.550713062286376953e+01,1.102559471130371094e+01,9.408670425415039062e+00
3.985359191894531250e+00,1.550713062286376953e+01,1.152256107330322266e+01,9.816901206970214844e+00
3.920365571975708008e+00,1.550713062286376953e+01,1.204775619506835938e+01,1.022299861907958984e+01
3.857809066772460938e+00,1.550713062286376953e+01,1.257667446136474609e+01,1.064632320404052734e+01
3.799955606460571289e+00,1.550713062286376953e+01,1.308961677551269531e+01,1.109710407257080078e+01
3.733218193054199219e+00,1.550713062286376953e+01,1.367609024047851562e+01,1.149825096130371094e+01
3.673126935958862305e+00,1.550713062286376953e+01,1.420184230804443359e+01,1.191484069824218750e+01
3.617214679718017578e+00,1.550713062286376953e+01,1.471896648406982422e+01,1.236256217956542969e+01
3.563766956329345703e+00,1.550713062286376953e+01,1.526690864562988281e+01,1.286130523681640625e+01
3.512135505676269531e+00,1.550713062286376953e+01,1.585221958160400391e+01,1.341476917266845703e+01
3.464894294738769531e+00,1.550713062286376953e+01,1.643889045715332031e+01,1.402040958404541016e+01
3.417131423950195312e+00,1.550713062286376953e+01,1.697305679321289062e+01,1.456631565093994141e+01
3.368546724319458008e+00,1.550713062286376953e+01,1.756813240051269531e+01,1.516013717651367188e+01
3.323027610778808594e+00,1.550713062286376953e+01,1.820499038696289062e+01,1.584014129638671875e+01
3.284882307052612305e+00,1.550713062286376953e+01,1.869363594055175781e+01,1.650373649597167969e+01
3.242966175079345703e+00,1.550713062286376953e+01,1.924607276916503906e+01,1.714765357971191406e+01
3.201282978057861328e+00,1.550713062286376953e+01,1.980877304077148438e+01,1.779286575317382812e+01
3.161621809005737305e+00,1.550713062286376953e+01,2.034909439086914062e+01,1.843446540832519531e+01
3.124698400497436523e+00,1.550713062286376953e+01,2.089657783508300781e+01,1.911497497558593750e+01
3.088141441345214844e+00,1.550713062286376953e+01,2.145328903198242188e+01,1.978808593750000000e+01
3.054068326950073242e+00,1.550713062286376953e+01,2.203000450134277344e+01,2.051985931396484375e+01
3.016682624816894531e+00,1.550713062286376953e+01,2.269044494628906250e+01,2.127286338806152344e+01
2.979822874069213867e+00,1.550713062286376953e+01,2.338485908508300781e+01,2.212020301818847656e+01
2.938400268554687500e+00,1.550713062286376953e+01,2.424262619018554688e+01,2.304924583435058594e+01
2.901763200759887695e+00,1.550713062286376953e+01,2.505340576171875000e+01,2.396425247192382812e+01
2.868833065032958984e+00,1.550713062286376953e+01,2.583901023864746094e+01,2.477621459960937500e+01
5.595002174377441406e+00,1.563714027404785156e+01,2.007162094116210938e+00,2.305852890014648438e+00
5.536431789398193359e+00,1.563714027404785156e+01,2.405575275421142578e+00,2.729907512664794922e+00
5.469451427459716797e+00,1.563714027404785156e+01,2.815726041793823242e+00,3.121054172515869141e+00
5.389509677886962891e+00,1.563714027404785156e+01,3.238019227981567383e+00,3.461975097656250000e+00
5.305423736572265625e+00,1.563714027404785156e+01,3.634951829910278320e+00,3.746676921844482422e+00
5.217712879180908203e+00,1.563714027404785156e+01,4.024273872375488281e+00,3.995120286941528320e+00
5.140245437622070312e+00,1.563714027404785156e+01,4.418643474578857422e+00,4.291156291961669922e+00
5.039604663848876953e+00,1.563714027404785156e+01,4.839264869689941406e+00,4.495933055877685547e+00
4.950533866882324219e+00,1.563714027404785156e+01,5.187879562377929688e+00,4.690248012542724609e+00
4.879865169525146484e+00,1.563714027404785156e+01,5.631325721740722656e+00,5.059577465057373047e+00
4.829379558563232422e+00,1.563714027404785156e+01,6.104673862457275391e+00,5.563640594482421875e+00
4.764201164245605469e+00,1.563714027404785156e+01,6.588413715362548828e+00,5.989376544952392578e+00
4.688515663146972656e+00,1.563714027404785156e+01,7.031342506408691406e+00,6.311145305633544922e+00
4.610361099243164062e+00,1.563714027404785156e+01,7.459575176239013672e+00,6.599093437194824219e+00
4.538986206054687500e+00,1.563714027404785156e+01,7.872846126556396484e+00,6.915239334106445312e+00
4.469672679901123047e+00,1.563714027404785156e+01,8.292491912841796875e+00,7.246506690979003906e+00
4.403444766998291016e+00,1.563714027404785156e+01,8.716524124145507812e+00,7.599834442138671875e+00
4.328399658203125000e+00,1.563714027404785156e+01,9.167129516601562500e+00,7.898807048797607422e+00
4.257830619812011719e+00,1.563714027404785156e+01,9.600377082824707031e+00,8.212048530578613281e+00
4.191838741302490234e+00,1.563714027404785156e+01,1.002344036102294922e+01,8.548731803894042969e+00
4.128738880157470703e+00,1.563714027404785156e+01,1.045529556274414062e+01,8.915005683898925781e+00
4.067806243896484375e+00,1.563714027404785156e+01,1.090419292449951172e+01,9.311392784118652344e+00
4.004667282104492188e+00,1.563714027404785156e+01,1.138350868225097656e+01,9.704575538635253906e+00
3.940120220184326172e+00,1.563714027404785156e+01,1.191053104400634766e+01,1.011328601837158203e+01
3.878984689712524414e+00,1.563714027404785156e+01,1.242837524414062500e+01,1.053776550292968750e+01
3.819259643554687500e+00,1.563714027404785156e+01,1.293340969085693359e+01,1.095783233642578125e+01
3.756795167922973633e+00,1.563714027404785156e+01,1.348619937896728516e+01,1.137493705749511719e+01
3.695156812667846680e+00,1.563714027404785156e+01,1.404682826995849609e+01,1.179816818237304688e+01
3.638294219970703125e+00,1.563714027404785156e+01,1.453624248504638672e+01,1.220616340637207031e+01
3.583458185195922852e+00,1.563714027404785156e+01,1.507963085174560547e+01,1.267647361755371094e+01
3.532878875732421875e+00,1.563714027404785156e+01,1.564748001098632812e+01,1.322247982025146484e+01
3.487297296524047852e+00,1.563714027404785156e+01,1.619483566284179688e+01,1.381389427185058594e+01
3.441203594207763672e+00,1.563714027404785156e+01,1.673127365112304688e+01,1.438018989562988281e+01
3.391025066375732422e+00,1.563714027404785156e+01,1.730856704711914062e+01,1.492364406585693359e+01
3.345678806304931641e+00,1.563714027404785156e+01,1.791090583801269531e+01,1.556608772277832031e+01
3.308067798614501953e+00,1.563714027404785156e+01,1.841669845581054688e+01,1.624693489074707031e+01
3.266678094863891602e+00,1.563714027404785156e+01,1.895515441894531250e+01,1.687869834899902344e+01
3.224980354309082031e+00,1.563714027404785156e+01,1.949696350097656250e+01,1.749444198608398438e+01
3.186664581298828125e+00,1.563714027404785156e+01,2.002502822875976562e+01,1.814350891113281250e+01
3.148401737213134766e+00,1.563714027404785156e+01,2.056108283996582031e+01,1.877626228332519531e+01
3.113844394683837891e+00,1.563714027404785156e+01,2.107832908630371094e+01,1.944801712036132812e+01
3.077555418014526367e+00,1.563714027404785156e+01,2.166516494750976562e+01,2.014027214050292969e+01
3.042184114456176758e+00,1.563714027404785156e+01,2.227546882629394531e+01,2.089639663696289062e+01
3.003061532974243164e+00,1.563714027404785156e+01,2.301255798339843750e+01,2.173446083068847656e+01
2.962603092193603516e+00,1.563714027404785156e+01,2.382000541687011719e+01,2.264512062072753906e+01
2.924778223037719727e+00,1.563714027404785156e+01,2.463199806213378906e+01,2.353806686401367188e+01
2.893303632736206055e+00,1.563714027404785156e+01,2.534148788452148438e+01,2.431905937194824219e+01
5.598899841308593750e+00,1.576725006103515625e+01,1.997287034988403320e+00,2.294129133224487305e+00
5.541346073150634766e+00,1.576725006103515625e+01,2.390763998031616211e+00,2.714198827743530273e+00
5.476891517639160156e+00,1.576725006103515625e+01,2.794379234313964844e+00,3.106359958648681641e+00
5.398550510406494141e+00,1.576725006103515625e+01,3.214118719100952148e+00,3.450321912765502930e+00
5.313433647155761719e+00,1.576725006103515625e+01,3.608836174011230469e+00,3.726132392883300781e+00
5.227585792541503906e+00,1.576725006103515625e+01,3.997986793518066406e+00,3.980218648910522461e+00
5.153321743011474609e+00,1.576725006103515625e+01,4.373297691345214844e+00,4.270927429199218750e+00
5.052077770233154297e+00,1.576725006103515625e+01,4.807398796081542969e+00,4.482497215270996094e+00
4.963669300079345703e+00,1.576725006103515625e+01,5.150115489959716797e+00,4.671063423156738281e+00
4.890808105468750000e+00,1.576725006103515625e+01,5.579580307006835938e+00,5.014067649841308594e+00
4.841160297393798828e+00,1.576725006103515625e+01,6.026750087738037109e+00,5.495548248291015625e+00
4.780581951141357422e+00,1.576725006103515625e+01,6.514155864715576172e+00,5.951137542724609375e+00
4.702024936676025391e+00,1.576725006103515625e+01,6.962931156158447266e+00,6.255046367645263672e+00
4.624361038208007812e+00,1.576725006103515625e+01,7.395534515380859375e+00,6.545949459075927734e+00
4.555196762084960938e+00,1.576725006103515625e+01,7.797908306121826172e+00,6.863456249237060547e+00
4.488744258880615234e+00,1.576725006103515625e+01,8.198979377746582031e+00,7.196154594421386719e+00
4.421383380889892578e+00,1.576725006103515625e+01,8.621541023254394531e+00,7.536685466766357422e+00
4.346942424774169922e+00,1.576725006103515625e+01,9.067844390869140625e+00,7.833380222320556641e+00
4.275834083557128906e+00,1.576725006103515625e+01,9.509985923767089844e+00,8.145316123962402344e+00
4.211225986480712891e+00,1.576725006103515625e+01,9.920435905456542969e+00,8.478640556335449219e+00
4.148173809051513672e+00,1.576725006103515625e+01,1.034359550476074219e+01,8.833326339721679688e+00
4.085393905639648438e+00,1.576725006103515625e+01,1.078492927551269531e+01,9.202117919921875000e+00
4.024132251739501953e+00,1.576725006103515625e+01,1.125118541717529297e+01,9.597901344299316406e+00
3.961011886596679688e+00,1.576725006103515625e+01,1.176833724975585938e+01,1.000924205780029297e+01
3.899348020553588867e+00,1.576725006103515625e+01,1.227619743347167969e+01,1.041645431518554688e+01
3.838718891143798828e+00,1.576725006103515625e+01,1.278530979156494141e+01,1.082604026794433594e+01
3.780103206634521484e+00,1.576725006103515625e+01,1.331113147735595703e+01,1.125946331024169922e+01
3.717348098754882812e+00,1.576725006103515625e+01,1.387420082092285156e+01,1.166784381866455078e+01
3.659284591674804688e+00,1.576725006103515625e+01,1.436792850494384766e+01,1.206027030944824219e+01
3.604969024658203125e+00,1.576725006103515625e+01,1.488700294494628906e+01,1.251044368743896484e+01
3.554622173309326172e+00,1.576725006103515625e+01,1.543363761901855469e+01,1.303527641296386719e+01
3.508183479309082031e+00,1.576725006103515625e+01,1.597130870819091797e+01,1.360278797149658203e+01
3.465255260467529297e+00,1.576725006103515625e+01,1.650504875183105469e+01,1.420661830902099609e+01
3.414551258087158203e+00,1.576725006103515625e+01,1.704915046691894531e+01,1.470470809936523438e+01
3.369468212127685547e+00,1.576725006103515625e+01,1.761654853820800781e+01,1.531131267547607422e+01
3.327147722244262695e+00,1.576725006103515625e+01,1.819782066345214844e+01,1.597072505950927734e+01
3.289623498916625977e+00,1.576725006103515625e+01,1.866670799255371094e+01,1.659694290161132812e+01
3.249428749084472656e+00,1.576725006103515625e+01,1.919142913818359375e+01,1.721471023559570312e+01
3.210130214691162109e+00,1.576725006103515625e+01,1.971528816223144531e+01,1.783113861083984375e+01
3.173213005065917969e+00,1.576725006103515625e+01,2.021884155273437500e+01,1.845167732238769531e+01
3.137900829315185547e+00,1.576725006103515625e+01,2.074214363098144531e+01,1.910737228393554688e+01
3.102499485015869141e+00,1.576725006103515625e+01,2.128735160827636719e+01,1.977874374389648438e+01
3.066621780395507812e+00,1.576725006103515625e+01,2.190076446533203125e+01,2.053064727783203125e+01
3.026814937591552734e+00,1.576725006103515625e+01,2.262491416931152344e+01,2.135137939453125000e+01
2.987155914306640625e+00,1.576725006103515625e+01,2.338186454772949219e+01,2.223916435241699219e+01
2.948620557785034180e+00,1.576725006103515625e+01,2.419012451171875000e+01,2.311175346374511719e+01
2.916757822036743164e+00,1.576725006103515625e+01,2.492508125305175781e+01,2.390755653381347656e+01
5.603030681610107422e+00,1.589736080169677734e+01,1.985307335853576660e+00,2.279724597930908203e+00
5.546807289123535156e+00,1.589736080169677734e+01,2.373417139053344727e+00,2.696404695510864258e+00
5.484904766082763672e+00,1.589736080169677734e+01,2.770480394363403320e+00,3.089906930923461914e+00
5.407573223114013672e+00,1.589736080169677734e+01,3.187559127807617188e+00,3.434570312500000000e+00
5.321395397186279297e+00,1.589736080169677734e+01,3.585916757583618164e+00,3.707366704940795898e+00
5.238498687744140625e+00,1.589736080169677734e+01,3.967416286468505859e+00,3.964448451995849609e+00
5.166709899902343750e+00,1.589736080169677734e+01,4.326286315917968750e+00,4.249020576477050781e+00
5.065038204193115234e+00,1.589736080169677734e+01,4.773229598999023438e+00,4.467879772186279297e+00
4.977710247039794922e+00,1.589736080169677734e+01,5.111299991607666016e+00,4.654220104217529297e+00
4.902837753295898438e+00,1.589736080169677734e+01,5.523274421691894531e+00,4.968302249908447266e+00
4.853726863861083984e+00,1.589736080169677734e+01,5.946703433990478516e+00,5.428514957427978516e+00
4.796207427978515625e+00,1.589736080169677734e+01,6.436033248901367188e+00,5.902503013610839844e+00
4.715829849243164062e+00,1.589736080169677734e+01,6.896388053894042969e+00,6.201038360595703125e+00
4.640288352966308594e+00,1.589736080169677734e+01,7.323526382446289062e+00,6.496874809265136719e+00
4.573338031768798828e+00,1.589736080169677734e+01,7.712712287902832031e+00,6.814888000488281250e+00
4.507737636566162109e+00,1.589736080169677734e+01,8.107495307922363281e+00,7.145710945129394531e+00
4.437994956970214844e+00,1.589736080169677734e+01,8.530189514160156250e+00,7.465016365051269531e+00
4.365759849548339844e+00,1.589736080169677734e+01,8.973142623901367188e+00,7.772231101989746094e+00
4.295173168182373047e+00,1.589736080169677734e+01,9.411880493164062500e+00,8.081850051879882812e+00
4.230719089508056641e+00,1.589736080169677734e+01,9.822545051574707031e+00,8.412446975708007812e+00
4.165929317474365234e+00,1.589736080169677734e+01,1.023662185668945312e+01,8.739763259887695312e+00
4.103702545166015625e+00,1.589736080169677734e+01,1.067011165618896484e+01,9.102194786071777344e+00
4.043503761291503906e+00,1.589736080169677734e+01,1.112679767608642578e+01,9.495972633361816406e+00
3.982197999954223633e+00,1.589736080169677734e+01,1.161842346191406250e+01,9.900036811828613281e+00
3.919709205627441406e+00,1.589736080169677734e+01,1.212316036224365234e+01,1.029332065582275391e+01
3.859104394912719727e+00,1.589736080169677734e+01,1.263682937622070312e+01,1.070285606384277344e+01
3.802871704101562500e+00,1.589736080169677734e+01,1.313433837890625000e+01,1.113579940795898438e+01
3.739650726318359375e+00,1.589736080169677734e+01,1.368650245666503906e+01,1.152527141571044922e+01
3.681151866912841797e+00,1.589736080169677734e+01,1.420428657531738281e+01,1.192856216430664062e+01
3.626776933670043945e+00,1.589736080169677734e+01,1.469950103759765625e+01,1.235250282287597656e+01
3.577249050140380859e+00,1.589736080169677734e+01,1.520652484893798828e+01,1.284747123718261719e+01
3.529505252838134766e+00,1.589736080169677734e+01,1.575892162322998047e+01,1.340573883056640625e+01
3.485898494720458984e+00,1.589736080169677734e+01,1.628679466247558594e+01,1.399055290222167969e+01
3.438814640045166016e+00,1.589736080169677734e+01,1.679857254028320312e+01,1.450438785552978516e+01
3.392789840698242188e+00,1.589736080169677734e+01,1.733960533142089844e+01,1.506479644775390625e+01
3.349371194839477539e+00,1.589736080169677734e+01,1.791433715820312500e+01,1.569203758239746094e+01
3.313104629516601562e+00,1.589736080169677734e+01,1.838768196105957031e+01,1.633444023132324219e+01
3.273492097854614258e+00,1.589736080169677734e+01,1.889822006225585938e+01,1.693953704833984375e+01
3.234262704849243164e+00,1.589736080169677734e+01,1.940136528015136719e+01,1.752678680419921875e+01
3.198524951934814453e+00,1.589736080169677734e+01,1.988787841796875000e+01,1.814593315124511719e+01
3.162245988845825195e+00,1.589736080169677734e+01,2.039849853515625000e+01,1.876117515563964844e+01
3.128899812698364258e+00,1.589736080169677734e+01,2.089804649353027344e+01,1.942962646484375000e+01
3.090523004531860352e+00,1.589736080169677734e+01,2.153786468505859375e+01,2.015614128112792969e+01
3.052109003067016602e+00,1.589736080169677734e+01,2.220069694519042969e+01,2.096201705932617188e+01
3.010395288467407227e+00,1.589736080169677734e+01,2.299290847778320312e+01,2.184446716308593750e+01
2.972584247589111328e+00,1.589736080169677734e+01,2.376393318176269531e+01,2.270784568786621094e+01
2.939938068389892578e+00,1.589736080169677734e+01,2.449334716796875000e+01,2.347714805603027344e+01
5.607401847839355469e+00,1.602737045288085938e+01,1.971566319465637207e+00,2.263220071792602539e+00
5.552532196044921875e+00,1.602737045288085938e+01,2.354417800903320312e+00,2.676594972610473633e+00
5.492895126342773438e+00,1.602737045288085938e+01,2.746033668518066406e+00,3.071587324142456055e+00
5.416874885559082031e+00,1.602737045288085938e+01,3.158189296722412109e+00,3.415667295455932617e+00
5.330129623413085938e+00,1.602737045288085938e+01,3.560318231582641602e+00,3.687725067138671875e+00
5.251410007476806641e+00,1.602737045288085938e+01,3.927563190460205078e+00,3.947499990463256836e+00
5.179797172546386719e+00,1.602737045288085938e+01,4.282406806945800781e+00,4.227412700653076172e+00
5.080185890197753906e+00,1.602737045288085938e+01,4.722545146942138672e+00,4.447256088256835938e+00
4.992172718048095703e+00,1.602737045288085938e+01,5.071452140808105469e+00,4.637004375457763672e+00
4.915628433227539062e+00,1.602737045288085938e+01,5.465922355651855469e+00,4.923792362213134766e+00
4.866020202636718750e+00,1.602737045288085938e+01,5.867345333099365234e+00,5.358948230743408203e+00
4.806129455566406250e+00,1.602737045288085938e+01,6.362264633178710938e+00,5.819677352905273438e+00
4.730685710906982422e+00,1.602737045288085938e+01,6.828040122985839844e+00,6.150716781616210938e+00
4.658132076263427734e+00,1.602737045288085938e+01,7.242612361907958984e+00,6.451916217803955078e+00
4.592044830322265625e+00,1.602737045288085938e+01,7.629980087280273438e+00,6.771393775939941406e+00
4.523618221282958984e+00,1.602737045288085938e+01,8.022325515747070312e+00,7.075881958007812500e+00
4.453984260559082031e+00,1.602737045288085938e+01,8.446190834045410156e+00,7.393198013305664062e+00
4.385170936584472656e+00,1.602737045288085938e+01,8.876585960388183594e+00,7.712505340576171875e+00
4.316100120544433594e+00,1.602737045288085938e+01,9.309226989746093750e+00,8.025931358337402344e+00
4.249540805816650391e+00,1.602737045288085938e+01,9.718231201171875000e+00,8.334275245666503906e+00
4.184810161590576172e+00,1.602737045288085938e+01,1.012935161590576172e+01,8.654442787170410156e+00
4.122784614562988281e+00,1.602737045288085938e+01,1.055656337738037109e+01,9.008913040161132812e+00
4.064024925231933594e+00,1.602737045288085938e+01,1.099486732482910156e+01,9.397268295288085938e+00
4.002143859863281250e+00,1.602737045288085938e+01,1.147427558898925781e+01,9.782307624816894531e+00
3.940446138381958008e+00,1.602737045288085938e+01,1.197352790832519531e+01,1.017503356933593750e+01
3.881434202194213867e+00,1.602737045288085938e+01,1.247667884826660156e+01,1.058965873718261719e+01
3.823516130447387695e+00,1.602737045288085938e+01,1.296268272399902344e+01,1.099191474914550781e+01
3.763449192047119141e+00,1.602737045288085938e+01,1.349837684631347656e+01,1.139893245697021484e+01
3.703949213027954102e+00,1.602737045288085938e+01,1.404470539093017578e+01,1.181065464019775391e+01
3.648534297943115234e+00,1.602737045288085938e+01,1.451109886169433594e+01,1.219315814971923828e+01
3.596776962280273438e+00,1.602737045288085938e+01,1.501961612701416016e+01,1.265301704406738281e+01
3.550311088562011719e+00,1.602737045288085938e+01,1.555137157440185547e+01,1.320432090759277344e+01
3.508109092712402344e+00,1.602737045288085938e+01,1.605138778686523438e+01,1.378108978271484375e+01
3.463525772094726562e+00,1.602737045288085938e+01,1.656026458740234375e+01,1.432232666015625000e+01
3.414965391159057617e+00,1.602737045288085938e+01,1.708705139160156250e+01,1.482180690765380859e+01
3.372802019119262695e+00,1.602737045288085938e+01,1.762100410461425781e+01,1.542348289489746094e+01
3.337306499481201172e+00,1.602737045288085938e+01,1.811404609680175781e+01,1.608897590637207031e+01
3.296763181686401367e+00,1.602737045288085938e+01,1.860349845886230469e+01,1.664875221252441406e+01
3.259137630462646484e+00,1.602737045288085938e+01,1.908967590332031250e+01,1.723898696899414062e+01
3.222199201583862305e+00,1.602737045288085938e+01,1.957608795166015625e+01,1.782351112365722656e+01
3.187769889831542969e+00,1.602737045288085938e+01,2.004605484008789062e+01,1.842836761474609375e+01
3.152462482452392578e+00,1.602737045288085938e+01,2.057296752929687500e+01,1.907662963867187500e+01
3.116099834442138672e+00,1.602737045288085938e+01,2.114019966125488281e+01,1.977648353576660156e+01
3.076613903045654297e+00,1.602737045288085938e+01,2.182042121887207031e+01,2.057873344421386719e+01
3.034392118453979492e+00,1.602737045288085938e+01,2.260369491577148438e+01,2.145725440979003906e+01
2.996154069900512695e+00,1.602737045288085938e+01,2.336196517944335938e+01,2.231478309631347656e+01
2.963850975036621094e+00,1.602737045288085938e+01,2.403370666503906250e+01,2.304288101196289062e+01
5.612219333648681641e+00,1.615747833251953125e+01,1.955579042434692383e+00,2.244640827178955078e+00
5.558471202850341797e+00,1.615747833251953125e+01,2.335272789001464844e+00,2.656371831893920898e+00
5.502544879913330078e+00,1.615747833251953125e+01,2.717278957366943359e+00,3.054059505462646484e+00
5.426594734191894531e+00,1.615747833251953125e+01,3.126080751419067383e+00,3.394312620162963867e+00
5.339335918426513672e+00,1.615747833251953125e+01,3.532850265502929688e+00,3.666898488998413086e+00
5.264632225036621094e+00,1.615747833251953125e+01,3.884905338287353516e+00,3.927884817123413086e+00
5.192510604858398438e+00,1.615747833251953125e+01,4.236154556274414062e+00,4.200249195098876953e+00
5.096058368682861328e+00,1.615747833251953125e+01,4.671507358551025391e+00,4.428754806518554688e+00
5.007331848144531250e+00,1.615747833251953125e+01,5.029221057891845703e+00,4.619493007659912109e+00
4.928899765014648438e+00,1.615747833251953125e+01,5.409484386444091797e+00,4.880955219268798828e+00
4.875204086303710938e+00,1.615747833251953125e+01,5.795277118682861328e+00,5.276721477508544922e+00
4.817099571228027344e+00,1.615747833251953125e+01,6.287196159362792969e+00,5.741171836853027344e+00
4.747410774230957031e+00,1.615747833251953125e+01,6.751077651977539062e+00,6.103546142578125000e+00
4.677358627319335938e+00,1.615747833251953125e+01,7.158753395080566406e+00,6.412262439727783203e+00
4.608010768890380859e+00,1.615747833251953125e+01,7.549663543701171875e+00,6.709000110626220703e+00
4.539215564727783203e+00,1.615747833251953125e+01,7.942199230194091797e+00,7.006829738616943359e+00
4.470314979553222656e+00,1.615747833251953125e+01,8.363665580749511719e+00,7.323299884796142578e+00
4.406434535980224609e+00,1.615747833251953125e+01,8.771789550781250000e+00,7.658931732177734375e+00
4.335791110992431641e+00,1.615747833251953125e+01,9.200577735900878906e+00,7.953469753265380859e+00
4.267801284790039062e+00,1.615747833251953125e+01,9.618644714355468750e+00,8.254074096679687500e+00
4.203716754913330078e+00,1.615747833251953125e+01,1.002783966064453125e+01,8.573198318481445312e+00
4.142410755157470703e+00,1.615747833251953125e+01,1.044322776794433594e+01,8.919600486755371094e+00
4.083265781402587891e+00,1.615747833251953125e+01,1.086940097808837891e+01,9.290237426757812500e+00
4.023127079010009766e+00,1.615747833251953125e+01,1.132651710510253906e+01,9.669932365417480469e+00
3.961776733398437500e+00,1.615747833251953125e+01,1.182965087890625000e+01,1.006694698333740234e+01
3.900793552398681641e+00,1.615747833251953125e+01,1.232606697082519531e+01,1.045142078399658203e+01
3.843967914581298828e+00,1.615747833251953125e+01,1.280577564239501953e+01,1.085636234283447266e+01
3.788165092468261719e+00,1.615747833251953125e+01,1.331106281280517578e+01,1.128242206573486328e+01
3.728020191192626953e+00,1.615747833251953125e+01,1.383863639831542969e+01,1.166819000244140625e+01
3.669939279556274414e+00,1.615747833251953125e+01,1.433965682983398438e+01,1.204301643371582031e+01
3.618116855621337891e+00,1.615747833251953125e+01,1.483241462707519531e+01,1.248153018951416016e+01
3.571588039398193359e+00,1.615747833251953125e+01,1.533491802215576172e+01,1.300100231170654297e+01
3.529273986816406250e+00,1.615747833251953125e+01,1.583153438568115234e+01,1.356856632232666016e+01
3.488048791885375977e+00,1.615747833251953125e+01,1.632876205444335938e+01,1.414351940155029297e+01
3.439145565032958984e+00,1.615747833251953125e+01,1.683083152770996094e+01,1.460688781738281250e+01
3.397257566452026367e+00,1.615747833251953125e+01,1.733137321472167969e+01,1.517454910278320312e+01
3.356064081192016602e+00,1.615747833251953125e+01,1.786789894104003906e+01,1.577561569213867188e+01
3.320840120315551758e+00,1.615747833251953125e+01,1.831392097473144531e+01,1.637618446350097656e+01
3.283369541168212891e+00,1.615747833251953125e+01,1.879196929931640625e+01,1.694920730590820312e+01
3.246921062469482422e+00,1.615747833251953125e+01,1.925459671020507812e+01,1.751033592224121094e+01
3.212735652923583984e+00,1.615747833251953125e+01,1.971883392333984375e+01,1.810610961914062500e+01
3.177391767501831055e+00,1.615747833251953125e+01,2.021959304809570312e+01,1.872410583496093750e+01
3.141940593719482422e+00,1.615747833251953125e+01,2.075868034362792969e+01,1.941465187072753906e+01
3.100919723510742188e+00,1.615747833251953125e+01,2.145175933837890625e+01,2.019913864135742188e+01
3.059875011444091797e+00,1.615747833251953125e+01,2.217533874511718750e+01,2.105558204650878906e+01
3.020036220550537109e+00,1.615747833251953125e+01,2.294659614562988281e+01,2.189721488952636719e+01
2.988617420196533203e+00,1.615747833251953125e+01,2.358087348937988281e+01,2.262082481384277344e+01
5.617547988891601562e+00,1.628758811950683594e+01,1.937055945396423340e+00,2.223765611648559570e+00
5.564667701721191406e+00,1.628758811950683594e+01,2.316617012023925781e+00,2.636447668075561523e+00
5.513296604156494141e+00,1.628758811950683594e+01,2.688476324081420898e+00,3.039877414703369141e+00
5.436708927154541016e+00,1.628758811950683594e+01,3.091302633285522461e+00,3.370517969131469727e+00
5.349819660186767578e+00,1.628758811950683594e+01,3.500468015670776367e+00,3.645668029785156250e+00
5.277818679809570312e+00,1.628758811950683594e+01,3.841348886489868164e+00,3.906033277511596680e+00
5.203301429748535156e+00,1.628758811950683594e+01,4.191776752471923828e+00,4.163809776306152344e+00
5.112734317779541016e+00,1.628758811950683594e+01,4.619266510009765625e+00,4.411729335784912109e+00
5.023064136505126953e+00,1.628758811950683594e+01,4.985352039337158203e+00,4.602571010589599609e+00
4.943015575408935547e+00,1.628758811950683594e+01,5.348854064941406250e+00,4.837586402893066406e+00
4.882358074188232422e+00,1.628758811950683594e+01,5.742744922637939453e+00,5.199797630310058594e+00
4.829130649566650391e+00,1.628758811950683594e+01,6.209823131561279297e+00,5.665916919708251953e+00
4.766222953796386719e+00,1.628758811950683594e+01,6.665028095245361328e+00,6.060371398925781250e+00
4.696432113647460938e+00,1.628758811950683594e+01,7.075151920318603516e+00,6.370641708374023438e+00
4.623689651489257812e+00,1.628758811950683594e+01,7.471192836761474609e+00,6.644774436950683594e+00
4.555032730102539062e+00,1.628758811950683594e+01,7.866948604583740234e+00,6.942469596862792969e+00
4.489388942718505859e+00,1.628758811950683594e+01,8.267948150634765625e+00,7.261526584625244141e+00
4.426379203796386719e+00,1.628758811950683594e+01,8.666737556457519531e+00,7.593908309936523438e+00
4.355063915252685547e+00,1.628758811950683594e+01,9.094007492065429688e+00,7.878403663635253906e+00
4.287206649780273438e+00,1.628758811950683594e+01,9.518451690673828125e+00,8.181520462036132812e+00
4.223176956176757812e+00,1.628758811950683594e+01,9.926039695739746094e+00,8.496010780334472656e+00
4.162288665771484375e+00,1.628758811950683594e+01,1.032551479339599609e+01,8.827981948852539062e+00
4.102393150329589844e+00,1.628758811950683594e+01,1.074500274658203125e+01,9.182222366333007812e+00
4.044167041778564453e+00,1.628758811950683594e+01,1.118680572509765625e+01,9.564078330993652344e+00
3.982235908508300781e+00,1.628758811950683594e+01,1.168277931213378906e+01,9.946328163146972656e+00
3.921895980834960938e+00,1.628758811950683594e+01,1.217238521575927734e+01,1.032842350006103516e+01
3.864781379699707031e+00,1.628758811950683594e+01,1.265726280212402344e+01,1.073096370697021484e+01
3.809755802154541016e+00,1.628758811950683594e+01,1.314005470275878906e+01,1.114416217803955078e+01
3.749730587005615234e+00,1.628758811950683594e+01,1.366117858886718750e+01,1.152129459381103516e+01
3.692717790603637695e+00,1.628758811950683594e+01,1.417216110229492188e+01,1.191284942626953125e+01
3.640470981597900391e+00,1.628758811950683594e+01,1.463604164123535156e+01,1.231540870666503906e+01
3.594150543212890625e+00,1.628758811950683594e+01,1.510999107360839844e+01,1.280645751953125000e+01
3.549773454666137695e+00,1.628758811950683594e+01,1.563566970825195312e+01,1.336757755279541016e+01
3.509037494659423828e+00,1.628758811950683594e+01,1.610137748718261719e+01,1.391615390777587891e+01
3.464024782180786133e+00,1.628758811950683594e+01,1.658580780029296875e+01,1.441283988952636719e+01
3.419832229614257812e+00,1.628758811950683594e+01,1.707428932189941406e+01,1.492484283447265625e+01
3.379597187042236328e+00,1.628758811950683594e+01,1.757743263244628906e+01,1.550188159942626953e+01
3.345581293106079102e+00,1.628758811950683594e+01,1.803566932678222656e+01,1.612479400634765625e+01
3.307243824005126953e+00,1.628758811950683594e+01,1.849395179748535156e+01,1.665313148498535156e+01
3.272475719451904297e+00,1.628758811950683594e+01,1.893675804138183594e+01,1.721568298339843750e+01
3.236957550048828125e+00,1.628758811950683594e+01,1.940113830566406250e+01,1.777767753601074219e+01
3.203468084335327148e+00,1.628758811950683594e+01,1.985668373107910156e+01,1.838499259948730469e+01
3.165917634963989258e+00,1.628758811950683594e+01,2.042521858215332031e+01,1.905730819702148438e+01
3.126569271087646484e+00,1.628758811950683594e+01,2.105099868774414062e+01,1.981436920166015625e+01
3.084167480468750000e+00,1.628758811950683594e+01,2.178889656066894531e+01,2.065962219238281250e+01
3.044806003570556641e+00,1.628758811950683594e+01,2.252546691894531250e+01,2.148507881164550781e+01
3.011948585510253906e+00,1.628758811950683594e+01,2.320883178710937500e+01,2.222427368164062500e+01
5.623775005340576172e+00,1.641759872436523438e+01,1.918860316276550293e+00,2.205087900161743164e+00
5.571311950683593750e+00,1.641759872436523438e+01,2.295564889907836914e+00,2.614346027374267578e+00
5.523303031921386719e+00,1.641759872436523438e+01,2.657013177871704102e+00,3.018573760986328125e+00
5.446869850158691406e+00,1.641759872436523438e+01,3.055249452590942383e+00,3.344273567199707031e+00
5.361042499542236328e+00,1.641759872436523438e+01,3.464770078659057617e+00,3.622842311859130859e+00
5.291092872619628906e+00,1.641759872436523438e+01,3.796757459640502930e+00,3.882213830947875977e+00
5.213767528533935547e+00,1.641759872436523438e+01,4.148224830627441406e+00,4.125265598297119141e+00
5.129548549652099609e+00,1.641759872436523438e+01,4.565021038055419922e+00,4.392214298248291016e+00
5.038988113403320312e+00,1.641759872436523438e+01,4.942989826202392578e+00,4.586489677429199219e+00
4.956629753112792969e+00,1.641759872436523438e+01,5.289972305297851562e+00,4.791949748992919922e+00
4.891839027404785156e+00,1.641759872436523438e+01,5.688842296600341797e+00,5.133606433868408203e+00
4.843317985534667969e+00,1.641759872436523438e+01,6.123087882995605469e+00,5.593696117401123047e+00
4.785883426666259766e+00,1.641759872436523438e+01,6.574846267700195312e+00,6.018007278442382812e+00
4.711809158325195312e+00,1.641759872436523438e+01,6.995773792266845703e+00,6.305825710296630859e+00
4.638888359069824219e+00,1.641759872436523438e+01,7.398026943206787109e+00,6.580635547637939453e+00
4.572557926177978516e+00,1.641759872436523438e+01,7.786004066467285156e+00,6.883801460266113281e+00
4.510435104370117188e+00,1.641759872436523438e+01,8.164812088012695312e+00,7.206829547882080078e+00
4.444095134735107422e+00,1.641759872436523438e+01,8.566535949707031250e+00,7.513499736785888672e+00
4.375372886657714844e+00,1.641759872436523438e+01,8.988549232482910156e+00,7.811087608337402344e+00
4.306889057159423828e+00,1.641759872436523438e+01,9.421619415283203125e+00,8.113397598266601562e+00
4.245234012603759766e+00,1.641759872436523438e+01,9.804539680480957031e+00,8.423025131225585938e+00
4.181441783905029297e+00,1.641759872436523438e+01,1.021586513519287109e+01,8.735520362854003906e+00
4.122091770172119141e+00,1.641759872436523438e+01,1.062453556060791016e+01,9.081932067871093750e+00
4.064059734344482422e+00,1.641759872436523438e+01,1.105690002441406250e+01,9.453914642333984375e+00
4.003380775451660156e+00,1.641759872436523438e+01,1.153046894073486328e+01,9.826857566833496094e+00
3.943831443786621094e+00,1.641759872436523438e+01,1.201269626617431641e+01,1.020771026611328125e+01
3.886339664459228516e+00,1.641759872436523438e+01,1.250119781494140625e+01,1.060682010650634766e+01
3.830693721771240234e+00,1.641759872436523438e+01,1.296502685546875000e+01,1.099379539489746094e+01
3.774033069610595703e+00,1.641759872436523438e+01,1.347132396697998047e+01,1.139361381530761719e+01
3.716832876205444336e+00,1.641759872436523438e+01,1.398472976684570312e+01,1.178125190734863281e+01
3.662186622619628906e+00,1.641759872436523438e+01,1.445187377929687500e+01,1.215213108062744141e+01
3.614197254180908203e+00,1.641759872436523438e+01,1.491967391967773438e+01,1.260868453979492188e+01
3.571655273437500000e+00,1.641759872436523438e+01,1.540395832061767578e+01,1.315297412872314453e+01
3.532097816467285156e+00,1.641759872436523438e+01,1.586653327941894531e+01,1.371156597137451172e+01
3.489159345626831055e+00,1.641759872436523438e+01,1.635171699523925781e+01,1.423239707946777344e+01
3.442615985870361328e+00,1.641759872436523438e+01,1.682352256774902344e+01,1.468392276763916016e+01
3.404133319854736328e+00,1.641759872436523438e+01,1.728279495239257812e+01,1.524016571044921875e+01
3.368275642395019531e+00,1.641759872436523438e+01,1.776368331909179688e+01,1.584402370452880859e+01
3.331848144531250000e+00,1.641759872436523438e+01,1.819734382629394531e+01,1.637234497070312500e+01
3.296369552612304688e+00,1.641759872436523438e+01,1.864251518249511719e+01,1.691376304626464844e+01
3.262033224105834961e+00,1.641759872436523438e+01,1.907467460632324219e+01,1.746157073974609375e+01
3.227404117584228516e+00,1.641759872436523438e+01,1.954629135131835938e+01,1.805753326416015625e+01
3.190978050231933594e+00,1.641759872436523438e+01,2.006841278076171875e+01,1.870553207397460938e+01
3.151839256286621094e+00,1.641759872436523438e+01,2.067383956909179688e+01,1.944529724121093750e+01
3.108635187149047852e+00,1.641759872436523438e+01,2.141364097595214844e+01,2.027643013000488281e+01
3.070138216018676758e+00,1.641759872436523438e+01,2.211137008666992188e+01,2.108636856079101562e+01
3.036910533905029297e+00,1.641759872436523438e+01,2.276134681701660156e+01,2.178258132934570312e+01
5.629925251007080078e+00,1.654770851135253906e+01,1.897433757781982422e+00,2.181691884994506836e+00
5.578895092010498047e+00,1.654770851135253906e+01,2.270916461944580078e+00,2.590667247772216797e+00
5.532070636749267578e+00,1.654770851135253906e+01,2.625125169754028320e+00,2.990849018096923828e+00
5.454369068145751953e+00,1.654770851135253906e+01,3.023227453231811523e+00,3.309619188308715820e+00
5.373895645141601562e+00,1.654770851135253906e+01,3.425333023071289062e+00,3.602048635482788086e+00
5.303368568420410156e+00,1.654770851135253906e+01,3.755603075027465820e+00,3.856105566024780273e+00
5.224411964416503906e+00,1.654770851135253906e+01,4.109396457672119141e+00,4.090961456298828125e+00
5.147290229797363281e+00,1.654770851135253906e+01,4.504306793212890625e+00,4.369853019714355469e+00
5.054783821105957031e+00,1.654770851135253906e+01,4.903306484222412109e+00,4.571281909942626953e+00
4.973219394683837891e+00,1.654770851135253906e+01,5.229438781738281250e+00,4.759053230285644531e+00
4.903190135955810547e+00,1.654770851135253906e+01,5.633140087127685547e+00,5.074723243713378906e+00
4.857728004455566406e+00,1.654770851135253906e+01,6.032025814056396484e+00,5.516992568969726562e+00
4.802793025970458984e+00,1.654770851135253906e+01,6.486223220825195312e+00,5.957563400268554688e+00
4.727786540985107422e+00,1.654770851135253906e+01,6.916801929473876953e+00,6.244552612304687500e+00
4.655508995056152344e+00,1.654770851135253906e+01,7.324017047882080078e+00,6.523881435394287109e+00
4.592823505401611328e+00,1.654770851135253906e+01,7.694394111633300781e+00,6.834390640258789062e+00
4.528060436248779297e+00,1.654770851135253906e+01,8.070956230163574219e+00,7.133502483367919922e+00
4.462502956390380859e+00,1.654770851135253906e+01,8.468152046203613281e+00,7.438959121704101562e+00
4.395893096923828125e+00,1.654770851135253906e+01,8.887017250061035156e+00,7.747635364532470703e+00
4.328564643859863281e+00,1.654770851135253906e+01,9.304958343505859375e+00,8.043348312377929688e+00
4.265209197998046875e+00,1.654770851135253906e+01,9.699793815612792969e+00,8.345680236816406250e+00
4.201509475708007812e+00,1.654770851135253906e+01,1.010398387908935547e+01,8.648595809936523438e+00
4.142259120941162109e+00,1.654770851135253906e+01,1.050701999664306641e+01,8.987316131591796875e+00
4.083761692047119141e+00,1.654770851135253906e+01,1.092503166198730469e+01,9.339658737182617188e+00
4.024896621704101562e+00,1.654770851135253906e+01,1.138101100921630859e+01,9.711757659912109375e+00
3.966175079345703125e+00,1.654770851135253906e+01,1.185987091064453125e+01,1.009642887115478516e+01
3.906847000122070312e+00,1.654770851135253906e+01,1.233737850189208984e+01,1.046351623535156250e+01
3.852112770080566406e+00,1.654770851135253906e+01,1.279961585998535156e+01,1.085642147064208984e+01
3.799441099166870117e+00,1.654770851135253906e+01,1.328186893463134766e+01,1.127804660797119141e+01
3.741490364074707031e+00,1.654770851135253906e+01,1.377492427825927734e+01,1.163696384429931641e+01
3.683577775955200195e+00,1.654770851135253906e+01,1.428366565704345703e+01,1.199817848205566406e+01
3.635067939758300781e+00,1.654770851135253906e+01,1.473593044281005859e+01,1.242686176300048828e+01
3.592516422271728516e+00,1.654770851135253906e+01,1.519609260559082031e+01,1.294472789764404297e+01
3.553618669509887695e+00,1.654770851135253906e+01,1.565670585632324219e+01,1.350647449493408203e+01
3.512588977813720703e+00,1.654770851135253906e+01,1.611116790771484375e+01,1.402073955535888672e+01
3.467603206634521484e+00,1.654770851135253906e+01,1.657256698608398438e+01,1.447742938995361328e+01
3.427662611007690430e+00,1.654770851135253906e+01,1.701760864257812500e+01,1.498917198181152344e+01
3.389740943908691406e+00,1.654770851135253906e+01,1.748511886596679688e+01,1.553530693054199219e+01
3.356563568115234375e+00,1.654770851135253906e+01,1.791246604919433594e+01,1.610434341430664062e+01
3.320608139038085938e+00,1.654770851135253906e+01,1.834242439270019531e+01,1.661529922485351562e+01
3.287114620208740234e+00,1.654770851135253906e+01,1.876379013061523438e+01,1.716333389282226562e+01
3.251549005508422852e+00,1.654770851135253906e+01,1.922936820983886719e+01,1.773310279846191406e+01
3.216635704040527344e+00,1.654770851135253906e+01,1.970700454711914062e+01,1.836963844299316406e+01
3.175725936889648438e+00,1.654770851135253906e+01,2.034011840820312500e+01,1.909421730041503906e+01
3.134144544601440430e+00,1.654770851135253906e+01,2.101955032348632812e+01,1.989473152160644531e+01
3.095243692398071289e+00,1.654770851135253906e+01,2.171164703369140625e+01,2.066718864440917969e+01
3.063986301422119141e+00,1.654770851135253906e+01,2.228233528137207031e+01,2.132047080993652344e+01
5.636077880859375000e+00,1.667781829833984375e+01,1.873622775077819824e+00,2.154753923416137695e+00
5.586732864379882812e+00,1.667781829833984375e+01,2.244356870651245117e+00,2.564749956130981445e+00
5.540237903594970703e+00,1.667781829833984375e+01,2.593370914459228516e+00,2.959710359573364258e+00
5.463132858276367188e+00,1.667781829833984375e+01,2.987880229949951172e+00,3.275519847869873047e+00
5.387705326080322266e+00,1.667781829833984375e+01,3.380387067794799805e+00,3.578751802444458008e+00
5.315340042114257812e+00,1.667781829833984375e+01,3.713392019271850586e+00,3.826356649398803711e+00
5.236313343048095703e+00,1.667781829833984375e+01,4.068542957305908203e+00,4.059565544128417969e+00
5.165114879608154297e+00,1.667781829833984375e+01,4.440598964691162109e+00,4.343944072723388672e+00
5.071207046508789062e+00,1.667781829833984375e+01,4.856078147888183594e+00,4.551292419433593750e+00
4.990339279174804688e+00,1.667781829833984375e+01,5.172941207885742188e+00,4.730960845947265625e+00
4.916136741638183594e+00,1.667781829833984375e+01,5.572063922882080078e+00,5.018296241760253906e+00
4.872531890869140625e+00,1.667781829833984375e+01,5.939328193664550781e+00,5.440056800842285156e+00
4.814932346343994141e+00,1.667781829833984375e+01,6.402007102966308594e+00,5.868856430053710938e+00
4.744197368621826172e+00,1.667781829833984375e+01,6.838393688201904297e+00,6.185211181640625000e+00
4.674489498138427734e+00,1.667781829833984375e+01,7.239891529083251953e+00,6.473805427551269531e+00
4.611404418945312500e+00,1.667781829833984375e+01,7.603751659393310547e+00,6.772920608520507812e+00
4.545452117919921875e+00,1.667781829833984375e+01,7.978924274444580078e+00,7.058362007141113281e+00
4.480789184570312500e+00,1.667781829833984375e+01,8.376745223999023438e+00,7.368507385253906250e+00
4.417344570159912109e+00,1.667781829833984375e+01,8.780335426330566406e+00,7.685664176940917969e+00
4.349875926971435547e+00,1.667781829833984375e+01,9.187237739562988281e+00,7.967793464660644531e+00
4.285803794860839844e+00,1.667781829833984375e+01,9.588444709777832031e+00,8.267247200012207031e+00
4.221783161163330078e+00,1.667781829833984375e+01,9.996659278869628906e+00,8.566744804382324219e+00
4.161069869995117188e+00,1.667781829833984375e+01,1.039317798614501953e+01,8.882085800170898438e+00
4.104213237762451172e+00,1.667781829833984375e+01,1.079613304138183594e+01,9.233544349670410156e+00
4.047365665435791016e+00,1.667781829833984375e+01,1.122887039184570312e+01,9.603166580200195312e+00
3.986203908920288086e+00,1.667781829833984375e+01,1.171572971343994141e+01,9.967584609985351562e+00
3.927427530288696289e+00,1.667781829833984375e+01,1.218740367889404297e+01,1.033169174194335938e+01
3.873708248138427734e+00,1.667781829833984375e+01,1.264529800415039062e+01,1.072867965698242188e+01
3.821134567260742188e+00,1.667781829833984375e+01,1.309643650054931641e+01,1.112303733825683594e+01
3.765597820281982422e+00,1.667781829833984375e+01,1.358116626739501953e+01,1.149955558776855469e+01
3.707414388656616211e+00,1.667781829833984375e+01,1.410892105102539062e+01,1.186874008178710938e+01
3.657670736312866211e+00,1.667781829833984375e+01,1.453874683380126953e+01,1.225678825378417969e+01
3.614505290985107422e+00,1.667781829833984375e+01,1.497927761077880859e+01,1.274347114562988281e+01
3.574127674102783203e+00,1.667781829833984375e+01,1.544944858551025391e+01,1.328769111633300781e+01
3.535326004028320312e+00,1.667781829833984375e+01,1.587979030609130859e+01,1.380641365051269531e+01
3.493179798126220703e+00,1.667781829833984375e+01,1.633314514160156250e+01,1.428863620758056641e+01
3.450314521789550781e+00,1.667781829833984375e+01,1.677102279663085938e+01,1.473949432373046875e+01
3.414755344390869141e+00,1.667781829833984375e+01,1.718579864501953125e+01,1.526628017425537109e+01
3.380193233489990234e+00,1.667781829833984375e+01,1.763676643371582031e+01,1.582417774200439453e+01
3.345729827880859375e+00,1.667781829833984375e+01,1.804186439514160156e+01,1.633080482482910156e+01
3.310796260833740234e+00,1.667781829833984375e+01,1.847530364990234375e+01,1.685937881469726562e+01
3.276647567749023438e+00,1.667781829833984375e+01,1.890085029602050781e+01,1.741753578186035156e+01
3.239762544631958008e+00,1.667781829833984375e+01,1.941214561462402344e+01,1.804561042785644531e+01
3.200290203094482422e+00,1.667781829833984375e+01,1.998852729797363281e+01,1.874796485900878906e+01
3.159063339233398438e+00,1.667781829833984375e+01,2.064422798156738281e+01,1.952080345153808594e+01
3.121200561523437500e+00,1.667781829833984375e+01,2.129455184936523438e+01,2.024838829040527344e+01
3.090371370315551758e+00,1.667781829833984375e+01,2.187159729003906250e+01,2.088427543640136719e+01
5.641746044158935547e+00,1.680782699584960938e+01,1.849081277847290039e+00,2.124793052673339844e+00
5.594613552093505859e+00,1.680782699584960938e+01,2.216507434844970703e+00,2.536656618118286133e+00
5.548123836517333984e+00,1.680782699584960938e+01,2.561902999877929688e+00,2.926804304122924805e+00
5.472479820251464844e+00,1.680782699584960938e+01,2.953636884689331055e+00,3.243789672851562500e+00
5.402335643768310547e+00,1.680782699584960938e+01,3.332409858703613281e+00,3.554759263992309570e+00
5.326528072357177734e+00,1.680782699584960938e+01,3.678134441375732422e+00,3.798980474472045898e+00
5.249447345733642578e+00,1.680782699584960938e+01,4.022475719451904297e+00,4.027999401092529297e+00
5.182511806488037109e+00,1.680782699584960938e+01,4.378342151641845703e+00,4.316089630126953125e+00
5.089849472045898438e+00,1.680782699584960938e+01,4.788897991180419922e+00,4.522784233093261719e+00
5.007379531860351562e+00,1.680782699584960938e+01,5.122820377349853516e+00,4.707267284393310547e+00
4.930468082427978516e+00,1.680782699584960938e+01,5.506170749664306641e+00,4.963407039642333984e+00
4.885319709777832031e+00,1.680782699584960938e+01,5.858613014221191406e+00,5.360887527465820312e+00
4.826991081237792969e+00,1.680782699584960938e+01,6.318418025970458984e+00,5.779175281524658203e+00
4.761500835418701172e+00,1.680782699584960938e+01,6.759599208831787109e+00,6.130190372467041016e+00
4.696017742156982422e+00,1.680782699584960938e+01,7.145484924316406250e+00,6.430925846099853516e+00
4.628208160400390625e+00,1.680782699584960938e+01,7.516850471496582031e+00,6.700747013092041016e+00
4.563356876373291016e+00,1.680782699584960938e+01,7.890973567962646484e+00,6.990091323852539062e+00
4.499127388000488281e+00,1.680782699584960938e+01,8.286765098571777344e+00,7.298152446746826172e+00
4.437459468841552734e+00,1.680782699584960938e+01,8.668741226196289062e+00,7.607554435729980469e+00
4.370706081390380859e+00,1.680782699584960938e+01,9.075076103210449219e+00,7.892023563385009766e+00
4.304963588714599609e+00,1.680782699584960938e+01,9.492842674255371094e+00,8.188694000244140625e+00
4.242697238922119141e+00,1.680782699584960938e+01,9.880318641662597656e+00,8.481722831726074219e+00
4.182099342346191406e+00,1.680782699584960938e+01,1.027188205718994141e+01,8.789999008178710938e+00
4.124867916107177734e+00,1.680782699584960938e+01,1.066806221008300781e+01,9.128931045532226562e+00
4.068473815917968750e+00,1.680782699584960938e+01,1.108577442169189453e+01,9.487476348876953125e+00
4.007369041442871094e+00,1.680782699584960938e+01,1.156229591369628906e+01,9.840816497802734375e+00
3.950199842453002930e+00,1.680782699584960938e+01,1.202629661560058594e+01,1.021237468719482422e+01
3.894027948379516602e+00,1.680782699584960938e+01,1.249553203582763672e+01,1.059034824371337891e+01
3.840738296508789062e+00,1.680782699584960938e+01,1.293907260894775391e+01,1.096728420257568359e+01
3.788236141204833984e+00,1.680782699584960938e+01,1.340973567962646484e+01,1.136299705505371094e+01
3.733489274978637695e+00,1.680782699584960938e+01,1.388453197479248047e+01,1.172434997558593750e+01
3.678966760635375977e+00,1.680782699584960938e+01,1.436268424987792969e+01,1.208875274658203125e+01
3.635062217712402344e+00,1.680782699584960938e+01,1.478389739990234375e+01,1.254112529754638672e+01
3.596325159072875977e+00,1.680782699584960938e+01,1.522190284729003906e+01,1.307343387603759766e+01
3.559831142425537109e+00,1.680782699584960938e+01,1.564452171325683594e+01,1.361222648620605469e+01
3.516630172729492188e+00,1.680782699584960938e+01,1.608959579467773438e+01,1.406526851654052734e+01
3.474727869033813477e+00,1.680782699584960938e+01,1.651674079895019531e+01,1.451106643676757812e+01
3.437887430191040039e+00,1.680782699584960938e+01,1.692432022094726562e+01,1.500213050842285156e+01
3.403493881225585938e+00,1.680782699584960938e+01,1.735194396972656250e+01,1.553089332580566406e+01
3.370108604431152344e+00,1.680782699584960938e+01,1.775997924804687500e+01,1.604943466186523438e+01
3.335435628890991211e+00,1.680782699584960938e+01,1.817128944396972656e+01,1.655760765075683594e+01
3.300961732864379883e+00,1.680782699584960938e+01,1.860277748107910156e+01,1.711322784423828125e+01
3.263962268829345703e+00,1.680782699584960938e+01,1.909348678588867188e+01,1.771989822387695312e+01
3.225594758987426758e+00,1.680782699584960938e+01,1.962939453125000000e+01,1.840561103820800781e+01
3.183276891708374023e+00,1.680782699584960938e+01,2.029642868041992188e+01,1.916041755676269531e+01
3.147498607635498047e+00,1.680782699584960938e+01,2.088766860961914062e+01,1.985557746887207031e+01
3.117125511169433594e+00,1.680782699584960938e+01,2.142338562011718750e+01,2.042893409729003906e+01
5.647018432617187500e+00,1.693803596496582031e+01,1.823840022087097168e+00,2.092077732086181641e+00
5.602484703063964844e+00,1.693803596496582031e+01,2.187437057495117188e+00,2.506223917007446289e+00
5.555689811706542969e+00,1.693803596496582031e+01,2.532256841659545898e+00,2.893778800964355469e+00
5.483090400695800781e+00,1.693803596496582031e+01,2.916410446166992188e+00,3.213058233261108398e+00
5.416897773742675781e+00,1.693803596496582031e+01,3.284967660903930664e+00,3.530156373977661133e+00
5.338663101196289062e+00,1.693803596496582031e+01,3.641184568405151367e+00,3.773145914077758789e+00
5.260923862457275391e+00,1.693803596496582031e+01,3.990090847015380859e+00,4.000913143157958984e+00
5.199278831481933594e+00,1.693803596496582031e+01,4.318690299987792969e+00,4.286111831665039062e+00
5.109023094177246094e+00,1.693803596496582031e+01,4.720549583435058594e+00,4.494885444641113281e+00
5.024703025817871094e+00,1.693803596496582031e+01,5.074469089508056641e+00,4.685939311981201172e+00
4.945152759552001953e+00,1.693803596496582031e+01,5.442225933074951172e+00,4.910957813262939453e+00
4.896301269531250000e+00,1.693803596496582031e+01,5.789331912994384766e+00,5.280430793762207031e+00
4.840017318725585938e+00,1.693803596496582031e+01,6.231277942657470703e+00,5.691498756408691406e+00
4.781461238861083984e+00,1.693803596496582031e+01,6.668064117431640625e+00,6.080203533172607422e+00
4.714422702789306641e+00,1.693803596496582031e+01,7.056079864501953125e+00,6.369566917419433594e+00
4.645494937896728516e+00,1.693803596496582031e+01,7.431670188903808594e+00,6.632581233978271484e+00
4.581265926361083984e+00,1.693803596496582031e+01,7.808380126953125000e+00,6.925043106079101562e+00
4.518789291381835938e+00,1.693803596496582031e+01,8.182931900024414062e+00,7.224173545837402344e+00
4.456995010375976562e+00,1.693803596496582031e+01,8.561365127563476562e+00,7.527251720428466797e+00
4.391999721527099609e+00,1.693803596496582031e+01,8.965849876403808594e+00,7.821887493133544922e+00
4.325851440429687500e+00,1.693803596496582031e+01,9.384363174438476562e+00,8.112882614135742188e+00
4.265298843383789062e+00,1.693803596496582031e+01,9.755295753479003906e+00,8.402716636657714844e+00
4.202636718750000000e+00,1.693803596496582031e+01,1.015871143341064453e+01,8.699905395507812500e+00
4.145396232604980469e+00,1.693803596496582031e+01,1.054665946960449219e+01,9.028250694274902344e+00
4.087818145751953125e+00,1.693803596496582031e+01,1.095433235168457031e+01,9.363682746887207031e+00
4.030032157897949219e+00,1.693803596496582031e+01,1.140524959564208984e+01,9.725470542907714844e+00
3.972826957702636719e+00,1.693803596496582031e+01,1.186689567565917969e+01,1.009280395507812500e+01
3.915659427642822266e+00,1.693803596496582031e+01,1.232310199737548828e+01,1.044543647766113281e+01
3.863234758377075195e+00,1.693803596496582031e+01,1.276716136932373047e+01,1.082950782775878906e+01
3.812965869903564453e+00,1.693803596496582031e+01,1.321387767791748047e+01,1.122917556762695312e+01
3.758595705032348633e+00,1.693803596496582031e+01,1.367669010162353516e+01,1.158234500885009766e+01
3.700294494628906250e+00,1.693803596496582031e+01,1.420203208923339844e+01,1.193435001373291016e+01
3.655909776687622070e+00,1.693803596496582031e+01,1.460263919830322266e+01,1.235379791259765625e+01
3.616799592971801758e+00,1.693803596496582031e+01,1.502332592010498047e+01,1.285971832275390625e+01
3.580738067626953125e+00,1.693803596496582031e+01,1.543296718597412109e+01,1.338790988922119141e+01
3.541125297546386719e+00,1.693803596496582031e+01,1.585366344451904297e+01,1.386430931091308594e+01
3.500232458114624023e+00,1.693803596496582031e+01,1.627311325073242188e+01,1.430924034118652344e+01
3.461349010467529297e+00,1.693803596496582031e+01,1.667341613769531250e+01,1.475143814086914062e+01
3.428763151168823242e+00,1.693803596496582031e+01,1.704363441467285156e+01,1.524881744384765625e+01
3.394418001174926758e+00,1.693803596496582031e+01,1.747899436950683594e+01,1.576813030242919922e+01
3.360947847366333008e+00,1.693803596496582031e+01,1.786626052856445312e+01,1.626898002624511719e+01
3.324781179428100586e+00,1.693803596496582031e+01,1.831296157836914062e+01,1.680744552612304688e+01
3.289092540740966797e+00,1.693803596496582031e+01,1.875870895385742188e+01,1.739948654174804688e+01
3.249028921127319336e+00,1.693803596496582031e+01,1.932607650756835938e+01,1.807611656188964844e+01
3.207968950271606445e+00,1.693803596496582031e+01,1.994319343566894531e+01,1.880938148498535156e+01
3.171905755996704102e+00,1.693803596496582031e+01,2.053170967102050781e+01,1.947883605957031250e+01
3.143853664398193359e+00,1.693803596496582031e+01,2.099607849121093750e+01,2.000933074951171875e+01
5.612151622772216797e+00,1.706804656982421875e+01,2.155413627624511719e+00,2.477794885635375977e+00
5.562434196472167969e+00,1.706804656982421875e+01,2.500759363174438477e+00,2.854426622390747070e+00
5.495285034179687500e+00,1.706804656982421875e+01,2.873732328414916992e+00,3.181822538375854492e+00
5.430404186248779297e+00,1.706804656982421875e+01,3.238630056381225586e+00,3.501181364059448242e+00
5.350728511810302734e+00,1.706804656982421875e+01,3.600812196731567383e+00,3.742236137390136719e+00
5.275292396545410156e+00,1.706804656982421875e+01,3.947855234146118164e+00,3.976601839065551758e+00
5.212968826293945312e+00,1.706804656982421875e+01,4.265659809112548828e+00,4.246217727661132812e+00
5.128377914428710938e+00,1.706804656982421875e+01,4.652864456176757812e+00,4.467524528503417969e+00
5.042641162872314453e+00,1.706804656982421875e+01,5.024312019348144531e+00,4.665060997009277344e+00
4.963732719421386719e+00,1.706804656982421875e+01,5.372143745422363281e+00,4.872365951538085938e+00
4.905510425567626953e+00,1.706804656982421875e+01,5.729093551635742188e+00,5.197502136230468750e+00
4.854132175445556641e+00,1.706804656982421875e+01,6.141275882720947266e+00,5.606472969055175781e+00
4.802028179168701172e+00,1.706804656982421875e+01,6.565972328186035156e+00,6.023474216461181641e+00
4.731638908386230469e+00,1.706804656982421875e+01,6.968912601470947266e+00,6.301473617553710938e+00
4.663074493408203125e+00,1.706804656982421875e+01,7.351424694061279297e+00,6.569381713867187500e+00
4.600475311279296875e+00,1.706804656982421875e+01,7.721079349517822266e+00,6.863979816436767578e+00
4.538291454315185547e+00,1.706804656982421875e+01,8.079447746276855469e+00,7.148244380950927734e+00
4.476385116577148438e+00,1.706804656982421875e+01,8.457238197326660156e+00,7.447516441345214844e+00
4.413871765136718750e+00,1.706804656982421875e+01,8.858764648437500000e+00,7.756964683532714844e+00
4.347648143768310547e+00,1.706804656982421875e+01,9.259674072265625000e+00,8.029725074768066406e+00
4.286570549011230469e+00,1.706804656982421875e+01,9.646310806274414062e+00,8.326184272766113281e+00
4.223944187164306641e+00,1.706804656982421875e+01,1.004516887664794922e+01,8.615317344665527344e+00
4.165012359619140625e+00,1.706804656982421875e+01,1.042580413818359375e+01,8.918817520141601562e+00
4.108927249908447266e+00,1.706804656982421875e+01,1.082062149047851562e+01,9.254285812377929688e+00
4.053203582763671875e+00,1.706804656982421875e+01,1.125026512145996094e+01,9.615374565124511719e+00
3.993405818939208984e+00,1.706804656982421875e+01,1.171546268463134766e+01,9.958044052124023438e+00
3.936918973922729492e+00,1.706804656982421875e+01,1.216835594177246094e+01,1.031140899658203125e+01
3.885635614395141602e+00,1.706804656982421875e+01,1.260424995422363281e+01,1.069767761230468750e+01
3.835119009017944336e+00,1.706804656982421875e+01,1.302736091613769531e+01,1.107328319549560547e+01
3.783846139907836914e+00,1.706804656982421875e+01,1.347716426849365234e+01,1.144819831848144531e+01
3.727281093597412109e+00,1.706804656982421875e+01,1.397155094146728516e+01,1.178924655914306641e+01
3.678104400634765625e+00,1.706804656982421875e+01,1.441205215454101562e+01,1.217662906646728516e+01
3.638613224029541016e+00,1.706804656982421875e+01,1.481189823150634766e+01,1.265270042419433594e+01
3.602502346038818359e+00,1.706804656982421875e+01,1.521678829193115234e+01,1.317039012908935547e+01
3.565703392028808594e+00,1.706804656982421875e+01,1.561978435516357422e+01,1.366454219818115234e+01
3.523734807968139648e+00,1.706804656982421875e+01,1.603198051452636719e+01,1.408034801483154297e+01
3.485831499099731445e+00,1.706804656982421875e+01,1.642210197448730469e+01,1.451886749267578125e+01
3.451200246810913086e+00,1.706804656982421875e+01,1.679382133483886719e+01,1.497476577758789062e+01
3.419242858886718750e+00,1.706804656982421875e+01,1.719497871398925781e+01,1.549183177947998047e+01
3.384667396545410156e+00,1.706804656982421875e+01,1.759507179260253906e+01,1.597930335998535156e+01
3.349650144577026367e+00,1.706804656982421875e+01,1.800627326965332031e+01,1.650319290161132812e+01
3.312684774398803711e+00,1.706804656982421875e+01,1.847270202636718750e+01,1.709257125854492188e+01
3.273076534271240234e+00,1.706804656982421875e+01,1.900988960266113281e+01,1.775110816955566406e+01
3.232933044433593750e+00,1.706804656982421875e+01,1.958887672424316406e+01,1.846331596374511719e+01
3.196471691131591797e+00,1.706804656982421875e+01,2.016798019409179688e+01,1.910977554321289062e+01
3.168206214904785156e+00,1.706804656982421875e+01,2.064583778381347656e+01,1.964353370666503906e+01
5.621721267700195312e+00,1.719815635681152344e+01,2.121422290802001953e+00,2.446148633956909180e+00
5.569940567016601562e+00,1.719815635681152344e+01,2.467707633972167969e+00,2.815293312072753906e+00
5.507582664489746094e+00,1.719815635681152344e+01,2.830567359924316406e+00,3.149292230606079102e+00
5.443315029144287109e+00,1.719815635681152344e+01,3.192196369171142578e+00,3.468389511108398438e+00
5.363638401031494141e+00,1.719815635681152344e+01,3.557365894317626953e+00,3.710860490798950195e+00
5.293167591094970703e+00,1.719815635681152344e+01,3.892300844192504883e+00,3.954760313034057617e+00
5.225257396697998047e+00,1.719815635681152344e+01,4.215197086334228516e+00,4.200560092926025391e+00
5.147798061370849609e+00,1.719815635681152344e+01,4.587354660034179688e+00,4.441690444946289062e+00
5.060764312744140625e+00,1.719815635681152344e+01,4.973674774169921875e+00,4.643757343292236328e+00
4.984151840209960938e+00,1.719815635681152344e+01,5.292855262756347656e+00,4.834412574768066406e+00
4.916382789611816406e+00,1.719815635681152344e+01,5.669700145721435547e+00,5.124004364013671875e+00
4.871417045593261719e+00,1.719815635681152344e+01,6.037202358245849609e+00,5.526505947113037109e+00
4.817308902740478516e+00,1.719815635681152344e+01,6.469865798950195312e+00,5.936436653137207031e+00
4.749711036682128906e+00,1.719815635681152344e+01,6.881397247314453125e+00,6.237571716308593750e+00
4.681684494018554688e+00,1.719815635681152344e+01,7.270344734191894531e+00,6.511878967285156250e+00
4.620324134826660156e+00,1.719815635681152344e+01,7.620417118072509766e+00,6.794614791870117188e+00
4.557448387145996094e+00,1.719815635681152344e+01,7.981101512908935547e+00,7.073340415954589844e+00
4.496551036834716797e+00,1.719815635681152344e+01,8.356811523437500000e+00,7.376258373260498047e+00
4.434371948242187500e+00,1.719815635681152344e+01,8.744319915771484375e+00,7.673286437988281250e+00
4.370472431182861328e+00,1.719815635681152344e+01,9.134189605712890625e+00,7.953438282012939453e+00
4.308516025543212891e+00,1.719815635681152344e+01,9.533220291137695312e+00,8.251021385192871094e+00
4.245605945587158203e+00,1.719815635681152344e+01,9.923053741455078125e+00,8.526291847229003906e+00
4.185182094573974609e+00,1.719815635681152344e+01,1.030983066558837891e+01,8.818178176879882812e+00
4.130542278289794922e+00,1.719815635681152344e+01,1.069027996063232422e+01,9.151817321777343750e+00
4.074635505676269531e+00,1.719815635681152344e+01,1.109816646575927734e+01,9.490508079528808594e+00
4.014705657958984375e+00,1.719815635681152344e+01,1.156762599945068359e+01,9.832614898681640625e+00
3.959014654159545898e+00,1.719815635681152344e+01,1.202058982849121094e+01,1.019191932678222656e+01
3.906647205352783203e+00,1.719815635681152344e+01,1.243946552276611328e+01,1.054870033264160156e+01
3.854523897171020508e+00,1.719815635681152344e+01,1.287371730804443359e+01,1.091287136077880859e+01
3.805713415145874023e+00,1.719815635681152344e+01,1.330925369262695312e+01,1.130137538909912109e+01
3.753719568252563477e+00,1.719815635681152344e+01,1.375038719177246094e+01,1.164553356170654297e+01
3.698991775512695312e+00,1.719815635681152344e+01,1.424487113952636719e+01,1.200376701354980469e+01
3.659931182861328125e+00,1.719815635681152344e+01,1.459997463226318359e+01,1.244016265869140625e+01
3.624562501907348633e+00,1.719815635681152344e+01,1.500495910644531250e+01,1.296068763732910156e+01
3.589655876159667969e+00,1.719815635681152344e+01,1.538349056243896484e+01,1.345365715026855469e+01
3.548418521881103516e+00,1.719815635681152344e+01,1.578779602050781250e+01,1.386583042144775391e+01
3.510439395904541016e+00,1.719815635681152344e+01,1.617479705810546875e+01,1.429377841949462891e+01
3.475002288818359375e+00,1.719815635681152344e+01,1.653926658630371094e+01,1.471940135955810547e+01
3.443500518798828125e+00,1.719815635681152344e+01,1.689032936096191406e+01,1.518784809112548828e+01
3.409207582473754883e+00,1.719815635681152344e+01,1.731075859069824219e+01,1.569071865081787109e+01
3.374473333358764648e+00,1.719815635681152344e+01,1.771270751953125000e+01,1.620963478088378906e+01
3.336555480957031250e+00,1.719815635681152344e+01,1.818305397033691406e+01,1.678536033630371094e+01
3.298112392425537109e+00,1.719815635681152344e+01,1.867174720764160156e+01,1.742660140991210938e+01
3.256397247314453125e+00,1.719815635681152344e+01,1.927702903747558594e+01,1.813137435913085938e+01
3.221351861953735352e+00,1.719815635681152344e+01,1.981150054931640625e+01,1.876060104370117188e+01
3.192753314971923828e+00,1.719815635681152344e+01,2.027637863159179688e+01,1.926617431640625000e+01
5.630919933319091797e+00,1.732816696166992188e+01,2.086436748504638672e+00,2.411413192749023438e+00
5.578532218933105469e+00,1.732816696166992188e+01,2.431564092636108398e+00,2.775872945785522461e+00
5.521584033966064453e+00,1.732816696166992188e+01,2.783399343490600586e+00,3.118497133255004883e+00
5.452931404113769531e+00,1.732816696166992188e+01,3.151271820068359375e+00,3.425647735595703125e+00
5.377029418945312500e+00,1.732816696166992188e+01,3.515213727951049805e+00,3.681989431381225586e+00
5.311288833618164062e+00,1.732816696166992188e+01,3.832424163818359375e+00,3.929065465927124023e+00
5.238649845123291016e+00,1.732816696166992188e+01,4.162205696105957031e+00,4.156836986541748047e+00
5.167304992675781250e+00,1.732816696166992188e+01,4.522538185119628906e+00,4.415981292724609375e+00
5.080357551574707031e+00,1.732816696166992188e+01,4.908343315124511719e+00,4.615788936614990234e+00
5.002741336822509766e+00,1.732816696166992188e+01,5.227190971374511719e+00,4.798484802246093750e+00
4.929671764373779297e+00,1.732816696166992188e+01,5.606266975402832031e+00,5.059171676635742188e+00
4.887265682220458984e+00,1.732816696166992188e+01,5.942932605743408203e+00,5.446031570434570312e+00
4.831041336059570312e+00,1.732816696166992188e+01,6.376114845275878906e+00,5.840801715850830078e+00
4.768111705780029297e+00,1.732816696166992188e+01,6.796031951904296875e+00,6.176666259765625000e+00
4.701361656188964844e+00,1.732816696166992188e+01,7.179341316223144531e+00,6.451833248138427734e+00
4.639034271240234375e+00,1.732816696166992188e+01,7.525560855865478516e+00,6.721713066101074219e+00
4.576893806457519531e+00,1.732816696166992188e+01,7.884898662567138672e+00,7.001599788665771484e+00
4.515810489654541016e+00,1.732816696166992188e+01,8.261697769165039062e+00,7.301405429840087891e+00
4.455124378204345703e+00,1.732816696166992188e+01,8.631478309631347656e+00,7.592461109161376953e+00
4.392522811889648438e+00,1.732816696166992188e+01,9.019458770751953125e+00,7.879074096679687500e+00
4.328186511993408203e+00,1.732816696166992188e+01,9.429080963134765625e+00,8.163725852966308594e+00
4.267889976501464844e+00,1.732816696166992188e+01,9.798791885375976562e+00,8.440629005432128906e+00
4.207220077514648438e+00,1.732816696166992188e+01,1.018779850006103516e+01,8.728306770324707031e+00
4.151257038116455078e+00,1.732816696166992188e+01,1.056369686126708984e+01,9.042927742004394531e+00
4.095474720001220703e+00,1.732816696166992188e+01,1.095521354675292969e+01,9.366702079772949219e+00
4.037902832031250000e+00,1.732816696166992188e+01,1.140694236755371094e+01,9.714646339416503906e+00
3.981948614120483398e+00,1.732816696166992188e+01,1.184530353546142578e+01,1.005697345733642578e+01
3.926986932754516602e+00,1.732816696166992188e+01,1.228455352783203125e+01,1.040097522735595703e+01
3.877107381820678711e+00,1.732816696166992188e+01,1.270940780639648438e+01,1.077818012237548828e+01
3.830294609069824219e+00,1.732816696166992188e+01,1.310826396942138672e+01,1.115641212463378906e+01
3.779221057891845703e+00,1.732816696166992188e+01,1.354615306854248047e+01,1.150518798828125000e+01
3.723979234695434570e+00,1.732816696166992188e+01,1.403172779083251953e+01,1.184257030487060547e+01
3.680581331253051758e+00,1.732816696166992188e+01,1.443552875518798828e+01,1.225864887237548828e+01
3.644633054733276367e+00,1.732816696166992188e+01,1.481691169738769531e+01,1.274459457397460938e+01
3.610769987106323242e+00,1.732816696166992188e+01,1.516487121582031250e+01,1.321943950653076172e+01
3.574019432067871094e+00,1.732816696166992188e+01,1.555886268615722656e+01,1.367923927307128906e+01
3.534113883972167969e+00,1.732816696166992188e+01,1.593508243560791016e+01,1.406025028228759766e+01
3.500115394592285156e+00,1.732816696166992188e+01,1.628471374511718750e+01,1.448556232452392578e+01
3.466615676879882812e+00,1.732816696166992188e+01,1.663830757141113281e+01,1.491623020172119141e+01
3.434853553771972656e+00,1.732816696166992188e+01,1.701992797851562500e+01,1.541820049285888672e+01
3.398269653320312500e+00,1.732816696166992188e+01,1.744313812255859375e+01,1.591981315612792969e+01
3.361345767974853516e+00,1.732816696166992188e+01,1.787559509277343750e+01,1.647928428649902344e+01
3.321335792541503906e+00,1.732816696166992188e+01,1.838992118835449219e+01,1.711703109741210938e+01
3.280182361602783203e+00,1.732816696166992188e+01,1.896299362182617188e+01,1.780827903747558594e+01
3.245110273361206055e+00,1.732816696166992188e+01,1.948632431030273438e+01,1.842428779602050781e+01
3.217356443405151367e+00,1.732816696166992188e+01,1.991223526000976562e+01,1.890697097778320312e+01
5.640246391296386719e+00,1.745827484130859375e+01,2.050292491912841797e+00,2.375123500823974609e+00
5.587682723999023438e+00,1.745827484130859375e+01,2.393763542175292969e+00,2.735738277435302734e+00
5.536315917968750000e+00,1.745827484130859375e+01,2.733746051788330078e+00,3.087116718292236328e+00
5.465014457702636719e+00,1.745827484130859375e+01,3.105573654174804688e+00,3.387588262557983398e+00
5.390972614288330078e+00,1.745827484130859375e+01,3.470860958099365234e+00,3.652230739593505859e+00
5.325578689575195312e+00,1.745827484130859375e+01,3.780093669891357422e+00,3.892043590545654297e+00
5.251561164855957031e+00,1.745827484130859375e+01,4.111084938049316406e+00,4.111704349517822266e+00
5.187460899353027344e+00,1.745827484130859375e+01,4.453107357025146484e+00,4.388317108154296875e+00
5.100769042968750000e+00,1.745827484130859375e+01,4.836843013763427734e+00,4.585343837738037109e+00
5.021781921386718750e+00,1.745827484130859375e+01,5.167333126068115234e+00,4.769493579864501953e+00
4.944761276245117188e+00,1.745827484130859375e+01,5.537720203399658203e+00,4.998359680175781250e+00
4.900303840637207031e+00,1.745827484130859375e+01,5.866630554199218750e+00,5.364165782928466797e+00
4.844939231872558594e+00,1.745827484130859375e+01,6.284128665924072266e+00,5.746887207031250000e+00
4.787449359893798828e+00,1.745827484130859375e+01,6.708562850952148438e+00,6.119305610656738281e+00
4.722039222717285156e+00,1.745827484130859375e+01,7.079473018646240234e+00,6.389615058898925781e+00
4.657490730285644531e+00,1.745827484130859375e+01,7.434327602386474609e+00,6.649463653564453125e+00
4.596688747406005859e+00,1.745827484130859375e+01,7.794819831848144531e+00,6.937320709228515625e+00
4.533684253692626953e+00,1.745827484130859375e+01,8.162474632263183594e+00,7.211620807647705078e+00
4.475543498992919922e+00,1.745827484130859375e+01,8.520065307617187500e+00,7.508830070495605469e+00
4.414925575256347656e+00,1.745827484130859375e+01,8.908562660217285156e+00,7.809901714324951172e+00
4.350123405456542969e+00,1.745827484130859375e+01,9.302784919738769531e+00,8.075217247009277344e+00
4.291295051574707031e+00,1.745827484130859375e+01,9.673439025878906250e+00,8.363210678100585938e+00
4.228803157806396484e+00,1.745827484130859375e+01,1.007428264617919922e+01,8.641322135925292969e+00
4.171177864074707031e+00,1.745827484130859375e+01,1.044232559204101562e+01,8.930891990661621094e+00
4.116336822509765625e+00,1.745827484130859375e+01,1.082417774200439453e+01,9.251885414123535156e+00
4.060916900634765625e+00,1.745827484130859375e+01,1.125098991394042969e+01,9.597933769226074219e+00
4.003170490264892578e+00,1.745827484130859375e+01,1.169240379333496094e+01,9.923332214355468750e+00
3.949207067489624023e+00,1.745827484130859375e+01,1.212498092651367188e+01,1.026854228973388672e+01
3.900313854217529297e+00,1.745827484130859375e+01,1.252690887451171875e+01,1.063390731811523438e+01
3.852471351623535156e+00,1.745827484130859375e+01,1.292793941497802734e+01,1.100056266784667969e+01
3.804755687713623047e+00,1.745827484130859375e+01,1.334872055053710938e+01,1.137041950225830078e+01
3.751264095306396484e+00,1.745827484130859375e+01,1.379729747772216797e+01,1.169072341918945312e+01
3.701804399490356445e+00,1.745827484130859375e+01,1.425817680358886719e+01,1.207352733612060547e+01
3.667139768600463867e+00,1.745827484130859375e+01,1.458606624603271484e+01,1.252391147613525391e+01
3.634738206863403320e+00,1.745827484130859375e+01,1.495310878753662109e+01,1.302964115142822266e+01
3.597905158996582031e+00,1.745827484130859375e+01,1.532285976409912109e+01,1.346179771423339844e+01
3.559062480926513672e+00,1.745827484130859375e+01,1.568950748443603516e+01,1.384055328369140625e+01
3.523827791213989258e+00,1.745827484130859375e+01,1.604027175903320312e+01,1.424079608917236328e+01
3.490750789642333984e+00,1.745827484130859375e+01,1.638035774230957031e+01,1.465907669067382812e+01
3.458420753479003906e+00,1.745827484130859375e+01,1.675201225280761719e+01,1.513463687896728516e+01
3.422766208648681641e+00,1.745827484130859375e+01,1.715852737426757812e+01,1.563158321380615234e+01
3.385322093963623047e+00,1.745827484130859375e+01,1.759554672241210938e+01,1.618711662292480469e+01
3.344933986663818359e+00,1.745827484130859375e+01,1.810303688049316406e+01,1.681106758117675781e+01
3.305030822753906250e+00,1.745827484130859375e+01,1.862702751159667969e+01,1.748222732543945312e+01
3.268720149993896484e+00,1.745827484130859375e+01,1.916241836547851562e+01,1.808733558654785156e+01
3.241214513778686523e+00,1.745827484130859375e+01,1.958629608154296875e+01,1.857639884948730469e+01
5.647527217864990234e+00,1.758838462829589844e+01,2.016594886779785156e+00,2.334350585937500000e+00
5.596965312957763672e+00,1.758838462829589844e+01,2.354372024536132812e+00,2.693147420883178711e+00
5.549831867218017578e+00,1.758838462829589844e+01,2.687168121337890625e+00,3.053406476974487305e+00
5.478123188018798828e+00,1.758838462829589844e+01,3.056727647781372070e+00,3.349692821502685547e+00
5.406132698059082031e+00,1.758838462829589844e+01,3.420649051666259766e+00,3.621028423309326172e+00
5.338658332824707031e+00,1.758838462829589844e+01,3.730338811874389648e+00,3.851038694381713867e+00
5.265197753906250000e+00,1.758838462829589844e+01,4.062283992767333984e+00,4.071645259857177734e+00
5.206139564514160156e+00,1.758838462829589844e+01,4.383338928222656250e+00,4.351670742034912109e+00
5.121741294860839844e+00,1.758838462829589844e+01,4.761662960052490234e+00,4.553346157073974609e+00
5.041008949279785156e+00,1.758838462829589844e+01,5.112147808074951172e+00,4.745039463043212891e+00
4.963844299316406250e+00,1.758838462829589844e+01,5.462356567382812500e+00,4.951971530914306641e+00
4.912731170654296875e+00,1.758838462829589844e+01,5.791875839233398438e+00,5.279464721679687500e+00
4.859321117401123047e+00,1.758838462829589844e+01,6.191336631774902344e+00,5.654632568359375000e+00
4.804892063140869141e+00,1.758838462829589844e+01,6.608832359313964844e+00,6.037395000457763672e+00
4.741894721984863281e+00,1.758838462829589844e+01,6.984577655792236328e+00,6.325659275054931641e+00
4.676553726196289062e+00,1.758838462829589844e+01,7.345840930938720703e+00,6.583199501037597656e+00
4.615239143371582031e+00,1.758838462829589844e+01,7.702905654907226562e+00,6.861682415008544922e+00
4.554319858551025391e+00,1.758838462829589844e+01,8.053731918334960938e+00,7.133440971374511719e+00
4.496097087860107422e+00,1.758838462829589844e+01,8.412824630737304688e+00,7.429420948028564453e+00
4.435801029205322266e+00,1.758838462829589844e+01,8.792150497436523438e+00,7.722700595855712891e+00
4.373102664947509766e+00,1.758838462829589844e+01,9.176888465881347656e+00,7.994859695434570312e+00
4.313358306884765625e+00,1.758838462829589844e+01,9.564013481140136719e+00,8.286915779113769531e+00
4.251442909240722656e+00,1.758838462829589844e+01,9.944538116455078125e+00,8.549554824829101562e+00
4.192500591278076172e+00,1.758838462829589844e+01,1.031784343719482422e+01,8.828955650329589844e+00
4.138878822326660156e+00,1.758838462829589844e+01,1.068937492370605469e+01,9.149145126342773438e+00
4.082863807678222656e+00,1.758838462829589844e+01,1.109279823303222656e+01,9.467445373535156250e+00
4.024805068969726562e+00,1.758838462829589844e+01,1.154660034179687500e+01,9.798988342285156250e+00
3.971219778060913086e+00,1.758838462829589844e+01,1.197307872772216797e+01,1.014022922515869141e+01
3.921426057815551758e+00,1.758838462829589844e+01,1.236468315124511719e+01,1.048363113403320312e+01
3.872421503067016602e+00,1.758838462829589844e+01,1.277371215820312500e+01,1.084185695648193359e+01
3.827344894409179688e+00,1.758838462829589844e+01,1.315967082977294922e+01,1.120938014984130859e+01
3.777614593505859375e+00,1.758838462829589844e+01,1.358486175537109375e+01,1.154694080352783203e+01
3.725662946701049805e+00,1.758838462829589844e+01,1.404772186279296875e+01,1.189347743988037109e+01
3.687699317932128906e+00,1.758838462829589844e+01,1.439198589324951172e+01,1.231054019927978516e+01
3.655788183212280273e+00,1.758838462829589844e+01,1.475692939758300781e+01,1.281329250335693359e+01
3.621525526046752930e+00,1.758838462829589844e+01,1.508774662017822266e+01,1.323988437652587891e+01
3.584971427917480469e+00,1.758838462829589844e+01,1.545219326019287109e+01,1.364351940155029297e+01
3.547713994979858398e+00,1.758838462829589844e+01,1.580050182342529297e+01,1.400443458557128906e+01
3.516019105911254883e+00,1.758838462829589844e+01,1.612423133850097656e+01,1.442008113861083984e+01
3.481929540634155273e+00,1.758838462829589844e+01,1.648285675048828125e+01,1.485147190093994141e+01
3.447908401489257812e+00,1.758838462829589844e+01,1.687314033508300781e+01,1.535776710510253906e+01
3.408740520477294922e+00,1.758838462829589844e+01,1.733084678649902344e+01,1.590097904205322266e+01
3.369199037551879883e+00,1.758838462829589844e+01,1.779987716674804688e+01,1.650667572021484375e+01
3.328097581863403320e+00,1.758838462829589844e+01,1.834218788146972656e+01,1.716839599609375000e+01
3.293073654174804688e+00,1.758838462829589844e+01,1.883802032470703125e+01,1.775951766967773438e+01
3.264822959899902344e+00,1.758838462829589844e+01,1.926446151733398438e+01,1.823713111877441406e+01
5.652968406677246094e+00,1.771849441528320312e+01,1.983878135681152344e+00,2.288228034973144531e+00
5.606884479522705078e+00,1.771849441528320312e+01,2.314146995544433594e+00,2.651267051696777344e+00
5.563129425048828125e+00,1.771849441528320312e+01,2.638282299041748047e+00,3.015402793884277344e+00
5.490987777709960938e+00,1.771849441528320312e+01,3.007652997970581055e+00,3.309112310409545898e+00
5.424360275268554688e+00,1.771849441528320312e+01,3.360825300216674805e+00,3.592847108840942383e+00
5.350625038146972656e+00,1.771849441528320312e+01,3.684791088104248047e+00,3.808327913284301758e+00
5.280686378479003906e+00,1.771849441528320312e+01,4.007164478302001953e+00,4.033290863037109375e+00
5.220869064331054688e+00,1.771849441528320312e+01,4.325906753540039062e+00,4.305786132812500000e+00
5.143093585968017578e+00,1.771849441528320312e+01,4.685811042785644531e+00,4.522090911865234375e+00
5.060250759124755859e+00,1.771849441528320312e+01,5.058799266815185547e+00,4.721637725830078125e+00
4.984218597412109375e+00,1.771849441528320312e+01,5.386807918548583984e+00,4.911279678344726562e+00
4.925549983978271484e+00,1.771849441528320312e+01,5.721550464630126953e+00,5.200576782226562500e+00
4.874946594238281250e+00,1.771849441528320312e+01,6.093131065368652344e+00,5.564064979553222656e+00
4.823315620422363281e+00,1.771849441528320312e+01,6.498681545257568359e+00,5.951287269592285156e+00
4.760980129241943359e+00,1.771849441528320312e+01,6.891750812530517578e+00,6.257650375366210938e+00
4.695962429046630859e+00,1.771849441528320312e+01,7.262181282043457031e+00,6.523119449615478516e+00
4.634700298309326172e+00,1.771849441528320312e+01,7.606714248657226562e+00,6.787571907043457031e+00
4.574811458587646484e+00,1.771849441528320312e+01,7.951041698455810547e+00,7.058640480041503906e+00
4.516608238220214844e+00,1.771849441528320312e+01,8.307513236999511719e+00,7.350607872009277344e+00
4.457170963287353516e+00,1.771849441528320312e+01,8.673468589782714844e+00,7.636009693145751953e+00
4.396806240081787109e+00,1.771849441528320312e+01,9.049281120300292969e+00,7.917907714843750000e+00
4.335165023803710938e+00,1.771849441528320312e+01,9.439169883728027344e+00,8.195044517517089844e+00
4.274514198303222656e+00,1.771849441528320312e+01,9.816404342651367188e+00,8.462612152099609375e+00
4.214004993438720703e+00,1.771849441528320312e+01,1.020199489593505859e+01,8.735135078430175781e+00
4.159187793731689453e+00,1.771849441528320312e+01,1.056334400177001953e+01,9.032737731933593750e+00
4.105184555053710938e+00,1.771849441528320312e+01,1.093972778320312500e+01,9.344756126403808594e+00
4.048697471618652344e+00,1.771849441528320312e+01,1.138619518280029297e+01,9.683265686035156250e+00
3.993577718734741211e+00,1.771849441528320312e+01,1.180019855499267578e+01,9.997030258178710938e+00
3.941002845764160156e+00,1.771849441528320312e+01,1.222146511077880859e+01,1.033353042602539062e+01
3.895552873611450195e+00,1.771849441528320312e+01,1.260173416137695312e+01,1.070137882232666016e+01
3.851471900939941406e+00,1.771849441528320312e+01,1.296809673309326172e+01,1.106228828430175781e+01
3.803297519683837891e+00,1.771849441528320312e+01,1.338626194000244141e+01,1.140741157531738281e+01
3.752524375915527344e+00,1.771849441528320312e+01,1.381104373931884766e+01,1.172812175750732422e+01
3.708562374114990234e+00,1.771849441528320312e+01,1.424227333068847656e+01,1.213873481750488281e+01
3.676973581314086914e+00,1.771849441528320312e+01,1.453865909576416016e+01,1.257970237731933594e+01
3.645261764526367188e+00,1.771849441528320312e+01,1.486402893066406250e+01,1.302890872955322266e+01
3.609017848968505859e+00,1.771849441528320312e+01,1.522222995758056641e+01,1.342621040344238281e+01
3.572854518890380859e+00,1.771849441528320312e+01,1.555512237548828125e+01,1.378310871124267578e+01
3.538974523544311523e+00,1.771849441528320312e+01,1.589049530029296875e+01,1.417018032073974609e+01
3.506499767303466797e+00,1.771849441528320312e+01,1.621984100341796875e+01,1.459278392791748047e+01
3.471253633499145508e+00,1.771849441528320312e+01,1.662548255920410156e+01,1.508944988250732422e+01
3.432979106903076172e+00,1.771849441528320312e+01,1.704793167114257812e+01,1.561236858367919922e+01
3.392831802368164062e+00,1.771849441528320312e+01,1.752270126342773438e+01,1.621132850646972656e+01
3.351675748825073242e+00,1.771849441528320312e+01,1.805180549621582031e+01,1.685903739929199219e+01
3.317190647125244141e+00,1.771849441528320312e+01,1.852284812927246094e+01,1.743723869323730469e+01
3.288990736007690430e+00,1.771849441528320312e+01,1.892834663391113281e+01,1.789687347412109375e+01
5.659030914306640625e+00,1.784860420227050781e+01,1.949314713478088379e+00,2.241322994232177734e+00
5.616406440734863281e+00,1.784860420227050781e+01,2.278144359588623047e+00,2.612246990203857422e+00
5.573799610137939453e+00,1.784860420227050781e+01,2.592905282974243164e+00,2.969916582107543945e+00
5.503297805786132812e+00,1.784860420227050781e+01,2.959255933761596680e+00,3.265591859817504883e+00
5.441998481750488281e+00,1.784860420227050781e+01,3.300205707550048828e+00,3.560364007949829102e+00
5.365307331085205078e+00,1.784860420227050781e+01,3.638236045837402344e+00,3.776213884353637695e+00
5.296018123626708984e+00,1.784860420227050781e+01,3.959565401077270508e+00,4.000849723815917969e+00
5.235259532928466797e+00,1.784860420227050781e+01,4.270309448242187500e+00,4.258933067321777344e+00
5.164712905883789062e+00,1.784860420227050781e+01,4.610430240631103516e+00,4.492049217224121094e+00
5.081292629241943359e+00,1.784860420227050781e+01,4.985415935516357422e+00,4.688253879547119141e+00
5.006201267242431641e+00,1.784860420227050781e+01,5.306015968322753906e+00,4.873833656311035156e+00
4.937041282653808594e+00,1.784860420227050781e+01,5.661093711853027344e+00,5.122539520263671875e+00
4.891856193542480469e+00,1.784860420227050781e+01,5.997651576995849609e+00,5.482760906219482422e+00
4.839444637298583984e+00,1.784860420227050781e+01,6.396623134613037109e+00,5.857169628143310547e+00
4.780700206756591797e+00,1.784860420227050781e+01,6.800060749053955078e+00,6.194211006164550781e+00
4.714811801910400391e+00,1.784860420227050781e+01,7.170517921447753906e+00,6.450709819793701172e+00
4.655239582061767578e+00,1.784860420227050781e+01,7.501893520355224609e+00,6.712958335876464844e+00
4.595609188079833984e+00,1.784860420227050781e+01,7.851152420043945312e+00,6.988161563873291016e+00
4.536196231842041016e+00,1.784860420227050781e+01,8.205648422241210938e+00,7.266657829284667969e+00
4.478689193725585938e+00,1.784860420227050781e+01,8.559225082397460938e+00,7.553761482238769531e+00
4.419793128967285156e+00,1.784860420227050781e+01,8.933619499206542969e+00,7.844636917114257812e+00
4.355510711669921875e+00,1.784860420227050781e+01,9.321440696716308594e+00,8.096070289611816406e+00
4.298186302185058594e+00,1.784860420227050781e+01,9.690369606018066406e+00,8.382119178771972656e+00
4.236934185028076172e+00,1.784860420227050781e+01,1.007497978210449219e+01,8.643555641174316406e+00
4.179847240447998047e+00,1.784860420227050781e+01,1.043885231018066406e+01,8.920667648315429688e+00
4.126913070678710938e+00,1.784860420227050781e+01,1.080320549011230469e+01,9.230059623718261719e+00
4.070956230163574219e+00,1.784860420227050781e+01,1.122413349151611328e+01,9.549115180969238281e+00
4.015380382537841797e+00,1.784860420227050781e+01,1.164829349517822266e+01,9.865169525146484375e+00
3.964115142822265625e+00,1.784860420227050781e+01,1.205874156951904297e+01,1.020335388183593750e+01
3.918554306030273438e+00,1.784860420227050781e+01,1.241911220550537109e+01,1.054985046386718750e+01
3.873211860656738281e+00,1.784860420227050781e+01,1.279891014099121094e+01,1.090582847595214844e+01
3.828198194503784180e+00,1.784860420227050781e+01,1.318229198455810547e+01,1.125506401062011719e+01
3.778989553451538086e+00,1.784860420227050781e+01,1.359139919281005859e+01,1.157386684417724609e+01
3.731900453567504883e+00,1.784860420227050781e+01,1.402671909332275391e+01,1.194206809997558594e+01
3.698777198791503906e+00,1.784860420227050781e+01,1.433484649658203125e+01,1.236832714080810547e+01
3.669646739959716797e+00,1.784860420227050781e+01,1.466204452514648438e+01,1.284698867797851562e+01
3.633270263671875000e+00,1.784860420227050781e+01,1.498248672485351562e+01,1.320384883880615234e+01
3.597739934921264648e+00,1.784860420227050781e+01,1.531923866271972656e+01,1.356801414489746094e+01
3.562937021255493164e+00,1.784860420227050781e+01,1.564628696441650391e+01,1.392908000946044922e+01
3.530455827713012695e+00,1.784860420227050781e+01,1.597584247589111328e+01,1.434500217437744141e+01
3.494950532913208008e+00,1.784860420227050781e+01,1.635093688964843750e+01,1.480315208435058594e+01
3.457281351089477539e+00,1.784860420227050781e+01,1.677357864379882812e+01,1.533381366729736328e+01
3.416275501251220703e+00,1.784860420227050781e+01,1.725803756713867188e+01,1.592230701446533203e+01
3.376057624816894531e+00,1.784860420227050781e+01,1.774749374389648438e+01,1.654974555969238281e+01
3.340641736984252930e+00,1.784860420227050781e+01,1.822620201110839844e+01,1.711631011962890625e+01
3.313598155975341797e+00,1.784860420227050781e+01,1.860012054443359375e+01,1.756962966918945312e+01
5.665959835052490234e+00,1.797861480712890625e+01,1.912070393562316895e+00,2.193606376647949219e+00
5.626742839813232422e+00,1.797861480712890625e+01,2.238216400146484375e+00,2.570860862731933594e+00
5.582718849182128906e+00,1.797861480712890625e+01,2.552044153213500977e+00,2.921720027923583984e+00
5.517265796661376953e+00,1.797861480712890625e+01,2.908143281936645508e+00,3.225432634353637695e+00
5.456501007080078125e+00,1.797861480712890625e+01,3.247138023376464844e+00,3.520916938781738281e+00
5.380864143371582031e+00,1.797861480712890625e+01,3.588894367218017578e+00,3.744209766387939453e+00
5.311768531799316406e+00,1.797861480712890625e+01,3.911694049835205078e+00,3.969781637191772461e+00
5.249790191650390625e+00,1.797861480712890625e+01,4.212553501129150391e+00,4.209911346435546875e+00
5.186344146728515625e+00,1.797861480712890625e+01,4.536096096038818359e+00,4.462131023406982422e+00
5.103260993957519531e+00,1.797861480712890625e+01,4.904629230499267578e+00,4.652147293090820312e+00
5.027712821960449219e+00,1.797861480712890625e+01,5.228475093841552734e+00,4.836561203002929688e+00
4.952341079711914062e+00,1.797861480712890625e+01,5.593209266662597656e+00,5.057889938354492188e+00
4.908019542694091797e+00,1.797861480712890625e+01,5.906584739685058594e+00,5.399968624114990234e+00
4.854451656341552734e+00,1.797861480712890625e+01,6.297176837921142578e+00,5.757934570312500000e+00
4.799202442169189453e+00,1.797861480712890625e+01,6.706091880798339844e+00,6.119558811187744141e+00
4.735816478729248047e+00,1.797861480712890625e+01,7.070111274719238281e+00,6.384503841400146484e+00
4.674841880798339844e+00,1.797861480712890625e+01,7.407650947570800781e+00,6.640482425689697266e+00
4.615480422973632812e+00,1.797861480712890625e+01,7.752544403076171875e+00,6.911126136779785156e+00
4.554878711700439453e+00,1.797861480712890625e+01,8.105406761169433594e+00,7.175872802734375000e+00
4.499314785003662109e+00,1.797861480712890625e+01,8.450057029724121094e+00,7.468140125274658203e+00
4.440781593322753906e+00,1.797861480712890625e+01,8.813591003417968750e+00,7.750283241271972656e+00
4.379638671875000000e+00,1.797861480712890625e+01,9.192775726318359375e+00,8.018000602722167969e+00
4.322485923767089844e+00,1.797861480712890625e+01,9.566102027893066406e+00,8.307935714721679688e+00
4.259877204895019531e+00,1.797861480712890625e+01,9.946536064147949219e+00,8.551393508911132812e+00
4.201730728149414062e+00,1.797861480712890625e+01,1.031343650817871094e+01,8.818367958068847656e+00
4.148533344268798828e+00,1.797861480712890625e+01,1.067304039001464844e+01,9.118849754333496094e+00
4.092937946319580078e+00,1.797861480712890625e+01,1.107109642028808594e+01,9.420261383056640625e+00
4.037806034088134766e+00,1.797861480712890625e+01,1.150008678436279297e+01,9.741926193237304688e+00
3.986634731292724609e+00,1.797861480712890625e+01,1.189072036743164062e+01,1.006200599670410156e+01
3.939264297485351562e+00,1.797861480712890625e+01,1.226470756530761719e+01,1.039814758300781250e+01
3.895196199417114258e+00,1.797861480712890625e+01,1.262804126739501953e+01,1.075001907348632812e+01
3.852773666381835938e+00,1.797861480712890625e+01,1.297708606719970703e+01,1.109688377380371094e+01
3.804787158966064453e+00,1.797861480712890625e+01,1.339228725433349609e+01,1.142934322357177734e+01
3.758068084716796875e+00,1.797861480712890625e+01,1.378794765472412109e+01,1.176010894775390625e+01
3.718481540679931641e+00,1.797861480712890625e+01,1.416791725158691406e+01,1.216111183166503906e+01
3.689590215682983398e+00,1.797861480712890625e+01,1.445065021514892578e+01,1.259851360321044922e+01
3.658223390579223633e+00,1.797861480712890625e+01,1.475256252288818359e+01,1.300005817413330078e+01
3.622426509857177734e+00,1.797861480712890625e+01,1.509242248535156250e+01,1.335911750793457031e+01
3.588266372680664062e+00,1.797861480712890625e+01,1.540071582794189453e+01,1.370703411102294922e+01
3.553707599639892578e+00,1.797861480712890625e+01,1.573967647552490234e+01,1.409532070159912109e+01
3.519653320312500000e+00,1.797861480712890625e+01,1.608487319946289062e+01,1.454298591613769531e+01
3.481027841567993164e+00,1.797861480712890625e+01,1.652364540100097656e+01,1.506765270233154297e+01
3.440403223037719727e+00,1.797861480712890625e+01,1.697717666625976562e+01,1.563134956359863281e+01
3.399818181991577148e+00,1.797861480712890625e+01,1.746776580810546875e+01,1.624691963195800781e+01
3.365017175674438477e+00,1.797861480712890625e+01,1.792095756530761719e+01,1.679741668701171875e+01
3.337004184722900391e+00,1.797861480712890625e+01,1.831223487854003906e+01,1.725224304199218750e+01
5.674755096435546875e+00,1.810872268676757812e+01,1.871913909912109375e+00,2.147579431533813477e+00
5.637241840362548828e+00,1.810872268676757812e+01,2.196699380874633789e+00,2.527701616287231445e+00
5.591613769531250000e+00,1.810872268676757812e+01,2.513195037841796875e+00,2.874932765960693359e+00
5.531845092773437500e+00,1.810872268676757812e+01,2.855590105056762695e+00,3.185423374176025391e+00
5.469265937805175781e+00,1.810872268676757812e+01,3.196620225906372070e+00,3.475728988647460938e+00
5.397565364837646484e+00,1.810872268676757812e+01,3.534303665161132812e+00,3.711192369461059570e+00
5.330355167388916016e+00,1.810872268676757812e+01,3.848324298858642578e+00,3.936114072799682617e+00
5.264704704284667969e+00,1.810872268676757812e+01,4.154153347015380859e+00,4.161465644836425781e+00
5.205214500427246094e+00,1.810872268676757812e+01,4.469251632690429688e+00,4.424462795257568359e+00
5.125454902648925781e+00,1.810872268676757812e+01,4.825682640075683594e+00,4.618333339691162109e+00
5.047784328460693359e+00,1.810872268676757812e+01,5.168411731719970703e+00,4.807218551635742188e+00
4.972274303436279297e+00,1.810872268676757812e+01,5.517406463623046875e+00,5.010554790496826172e+00
4.921867370605468750e+00,1.810872268676757812e+01,5.828196048736572266e+00,5.314357280731201172e+00
4.869640350341796875e+00,1.810872268676757812e+01,6.200251102447509766e+00,5.661198616027832031e+00
4.815485954284667969e+00,1.810872268676757812e+01,6.605748653411865234e+00,6.023815155029296875e+00
4.757093906402587891e+00,1.810872268676757812e+01,6.969798564910888672e+00,6.319619655609130859e+00
4.694882392883300781e+00,1.810872268676757812e+01,7.315144062042236328e+00,6.571791172027587891e+00
4.635120868682861328e+00,1.810872268676757812e+01,7.655373573303222656e+00,6.832710266113281250e+00
4.575861454010009766e+00,1.810872268676757812e+01,7.998012542724609375e+00,7.095875740051269531e+00
4.519951343536376953e+00,1.810872268676757812e+01,8.338727951049804688e+00,7.379941940307617188e+00
4.462592124938964844e+00,1.810872268676757812e+01,8.694067955017089844e+00,7.661880016326904297e+00
4.404372215270996094e+00,1.810872268676757812e+01,9.062223434448242188e+00,7.942728519439697266e+00
4.343122005462646484e+00,1.810872268676757812e+01,9.438587188720703125e+00,8.199224472045898438e+00
4.283957004547119141e+00,1.810872268676757812e+01,9.814769744873046875e+00,8.466308593750000000e+00
4.224570751190185547e+00,1.810872268676757812e+01,1.019046020507812500e+01,8.726410865783691406e+00
4.168786048889160156e+00,1.810872268676757812e+01,1.054892063140869141e+01,8.999289512634277344e+00
4.116690158843994141e+00,1.810872268676757812e+01,1.090958213806152344e+01,9.300259590148925781e+00
4.061024665832519531e+00,1.810872268676757812e+01,1.133992385864257812e+01,9.615653991699218750e+00
4.008009433746337891e+00,1.810872268676757812e+01,1.173139762878417969e+01,9.914867401123046875e+00
3.957875490188598633e+00,1.810872268676757812e+01,1.212974643707275391e+01,1.024059295654296875e+01
3.918626546859741211e+00,1.810872268676757812e+01,1.245192909240722656e+01,1.060562801361083984e+01
3.876161098480224609e+00,1.810872268676757812e+01,1.279997920989990234e+01,1.094821166992187500e+01
3.829660892486572266e+00,1.810872268676757812e+01,1.319043731689453125e+01,1.127122020721435547e+01
3.784635782241821289e+00,1.810872268676757812e+01,1.356114768981933594e+01,1.159349441528320312e+01
3.742684364318847656e+00,1.810872268676757812e+01,1.396608352661132812e+01,1.198011589050292969e+01
3.713309288024902344e+00,1.810872268676757812e+01,1.423139572143554688e+01,1.239254665374755859e+01
3.681975603103637695e+00,1.810872268676757812e+01,1.454302597045898438e+01,1.280028247833251953e+01
3.647021293640136719e+00,1.810872268676757812e+01,1.485561466217041016e+01,1.314203548431396484e+01
3.611853599548339844e+00,1.810872268676757812e+01,1.517652797698974609e+01,1.348172187805175781e+01
3.577887535095214844e+00,1.810872268676757812e+01,1.549492549896240234e+01,1.385400485992431641e+01
3.542958259582519531e+00,1.810872268676757812e+01,1.584932804107666016e+01,1.428860282897949219e+01
3.504914760589599609e+00,1.810872268676757812e+01,1.626172637939453125e+01,1.479229927062988281e+01
3.464627742767333984e+00,1.810872268676757812e+01,1.670351028442382812e+01,1.534550952911376953e+01
3.423583984375000000e+00,1.810872268676757812e+01,1.719573402404785156e+01,1.594943046569824219e+01
3.389555931091308594e+00,1.810872268676757812e+01,1.761551475524902344e+01,1.648486709594726562e+01
3.361163139343261719e+00,1.810872268676757812e+01,1.799891662597656250e+01,1.692410850524902344e+01
5.683085441589355469e+00,1.823883247375488281e+01,1.830842018127441406e+00,2.098405599594116211e+00
5.648169040679931641e+00,1.823883247375488281e+01,2.153186559677124023e+00,2.483584165573120117e+00
5.600647926330566406e+00,1.823883247375488281e+01,2.473093032836914062e+00,2.826572418212890625e+00
5.546463489532470703e+00,1.823883247375488281e+01,2.803410291671752930e+00,3.144742727279663086e+00
5.481509685516357422e+00,1.823883247375488281e+01,3.145896434783935547e+00,3.427255630493164062e+00
5.414113521575927734e+00,1.823883247375488281e+01,3.481869935989379883e+00,3.679104804992675781e+00
5.347110748291015625e+00,1.823883247375488281e+01,3.787474393844604492e+00,3.895471572875976562e+00
5.279781341552734375e+00,1.823883247375488281e+01,4.098047733306884766e+00,4.115289211273193359e+00
5.221695899963378906e+00,1.823883247375488281e+01,4.407596588134765625e+00,4.378731250762939453e+00
5.147880554199218750e+00,1.823883247375488281e+01,4.747186660766601562e+00,4.585423946380615234e+00
5.068502426147460938e+00,1.823883247375488281e+01,5.109388828277587891e+00,4.781534194946289062e+00
4.993898868560791016e+00,1.823883247375488281e+01,5.437361240386962891e+00,4.968214511871337891e+00
4.935578346252441406e+00,1.823883247375488281e+01,5.752874374389648438e+00,5.230590343475341797e+00
4.885597229003906250e+00,1.823883247375488281e+01,6.108275890350341797e+00,5.572998046875000000e+00
4.833970069885253906e+00,1.823883247375488281e+01,6.494260311126708984e+00,5.931385993957519531e+00
4.777922153472900391e+00,1.823883247375488281e+01,6.871907711029052734e+00,6.253395080566406250e+00
4.714118003845214844e+00,1.823883247375488281e+01,7.223785877227783203e+00,6.497598171234130859e+00
4.656001567840576172e+00,1.823883247375488281e+01,7.554235935211181641e+00,6.759311676025390625e+00
4.597368717193603516e+00,1.823883247375488281e+01,7.892928600311279297e+00,7.021831512451171875e+00
4.540242195129394531e+00,1.823883247375488281e+01,8.228908538818359375e+00,7.289879322052001953e+00
4.485129356384277344e+00,1.823883247375488281e+01,8.574486732482910156e+00,7.578386783599853516e+00
4.426970958709716797e+00,1.823883247375488281e+01,8.936687469482421875e+00,7.853687286376953125e+00
4.364995956420898438e+00,1.823883247375488281e+01,9.307487487792968750e+00,8.097285270690917969e+00
4.308513641357421875e+00,1.823883247375488281e+01,9.685367584228515625e+00,8.386239051818847656e+00
4.247092247009277344e+00,1.823883247375488281e+01,1.006048965454101562e+01,8.625922203063964844e+00
4.190476894378662109e+00,1.823883247375488281e+01,1.042024898529052734e+01,8.889490127563476562e+00
4.140287876129150391e+00,1.823883247375488281e+01,1.076119709014892578e+01,9.188799858093261719e+00
4.083570480346679688e+00,1.823883247375488281e+01,1.117501258850097656e+01,9.478231430053710938e+00
4.030354976654052734e+00,1.823883247375488281e+01,1.158106422424316406e+01,9.785748481750488281e+00
3.983777999877929688e+00,1.823883247375488281e+01,1.193935298919677734e+01,1.011129570007324219e+01
3.940140724182128906e+00,1.823883247375488281e+01,1.228387546539306641e+01,1.044661331176757812e+01
3.897535085678100586e+00,1.823883247375488281e+01,1.263632011413574219e+01,1.078720760345458984e+01
3.855017900466918945e+00,1.823883247375488281e+01,1.298993301391601562e+01,1.111979007720947266e+01
3.809921979904174805e+00,1.823883247375488281e+01,1.336072349548339844e+01,1.143553161621093750e+01
3.768150329589843750e+00,1.823883247375488281e+01,1.372605419158935547e+01,1.178356552124023438e+01
3.733420133590698242e+00,1.823883247375488281e+01,1.406099224090576172e+01,1.218342876434326172e+01
3.704550981521606445e+00,1.823883247375488281e+01,1.433347702026367188e+01,1.258522701263427734e+01
3.672140836715698242e+00,1.823883247375488281e+01,1.462424278259277344e+01,1.293907928466796875e+01
3.635804891586303711e+00,1.823883247375488281e+01,1.494838237762451172e+01,1.326120662689208984e+01
3.602396249771118164e+00,1.823883247375488281e+01,1.525696945190429688e+01,1.362626552581787109e+01
3.566357135772705078e+00,1.823883247375488281e+01,1.561039352416992188e+01,1.403670215606689453e+01
3.529467344284057617e+00,1.823883247375488281e+01,1.598913383483886719e+01,1.451921176910400391e+01
3.488162040710449219e+00,1.823883247375488281e+01,1.645279312133789062e+01,1.506956863403320312e+01
3.447795867919921875e+00,1.823883247375488281e+01,1.691394042968750000e+01,1.565365505218505859e+01
3.412896394729614258e+00,1.823883247375488281e+01,1.734642410278320312e+01,1.618302726745605469e+01
3.386003017425537109e+00,1.823883247375488281e+01,1.768550682067871094e+01,1.660595321655273438e+01
5.691376209259033203e+00,1.836894226074218750e+01,1.789266586303710938e+00,2.048145294189453125e+00
5.661285877227783203e+00,1.836894226074218750e+01,2.104711294174194336e+00,2.440683364868164062e+00
5.611656665802001953e+00,1.836894226074218750e+01,2.426918745040893555e+00,2.778005123138427734e+00
5.562502861022949219e+00,1.836894226074218750e+01,2.744935512542724609e+00,3.102424860000610352e+00
5.494989395141601562e+00,1.836894226074218750e+01,3.092880249023437500e+00,3.380760908126831055e+00
5.430156230926513672e+00,1.836894226074218750e+01,3.428605079650878906e+00,3.642871856689453125e+00
5.362997531890869141e+00,1.836894226074218750e+01,3.729042053222656250e+00,3.852642297744750977e+00
5.295284271240234375e+00,1.836894226074218750e+01,4.042704582214355469e+00,4.071285724639892578e+00
5.238302230834960938e+00,1.836894226074218750e+01,4.342140197753906250e+00,4.328722476959228516e+00
5.170880794525146484e+00,1.836894226074218750e+01,4.665667057037353516e+00,4.552065372467041016e+00
5.090684413909912109e+00,1.836894226074218750e+01,5.027296066284179688e+00,4.741610527038574219e+00
5.016280174255371094e+00,1.836894226074218750e+01,5.355516433715820312e+00,4.927506923675537109e+00
4.950744628906250000e+00,1.836894226074218750e+01,5.679047107696533203e+00,5.155729293823242188e+00
4.901639938354492188e+00,1.836894226074218750e+01,6.017476558685302734e+00,5.485784530639648438e+00
4.851799011230468750e+00,1.836894226074218750e+01,6.384080886840820312e+00,5.835383415222167969e+00
4.797194957733154297e+00,1.836894226074218750e+01,6.773321151733398438e+00,6.175051689147949219e+00
4.734327316284179688e+00,1.836894226074218750e+01,7.129170417785644531e+00,6.426886081695556641e+00
4.676805973052978516e+00,1.836894226074218750e+01,7.451621055603027344e+00,6.683440208435058594e+00
4.617952346801757812e+00,1.836894226074218750e+01,7.788182258605957031e+00,6.940334796905517578e+00
4.561215400695800781e+00,1.836894226074218750e+01,8.124115943908691406e+00,7.208965301513671875e+00
4.506782054901123047e+00,1.836894226074218750e+01,8.465386390686035156e+00,7.496726989746093750e+00
4.448367118835449219e+00,1.836894226074218750e+01,8.813952445983886719e+00,7.755972385406494141e+00
4.388415336608886719e+00,1.836894226074218750e+01,9.187149047851562500e+00,8.016863822937011719e+00
4.332228660583496094e+00,1.836894226074218750e+01,9.551486015319824219e+00,8.295306205749511719e+00
4.271053314208984375e+00,1.836894226074218750e+01,9.927374839782714844e+00,8.534653663635253906e+00
4.213212013244628906e+00,1.836894226074218750e+01,1.029247379302978516e+01,8.789353370666503906e+00
4.159939765930175781e+00,1.836894226074218750e+01,1.063947582244873047e+01,9.063198089599609375e+00
4.105513572692871094e+00,1.836894226074218750e+01,1.103016090393066406e+01,9.351820945739746094e+00
4.053731441497802734e+00,1.836894226074218750e+01,1.142492961883544922e+01,9.661327362060546875e+00
4.005505084991455078e+00,1.836894226074218750e+01,1.178044795989990234e+01,9.965764999389648438e+00
3.960122108459472656e+00,1.836894226074218750e+01,1.213984107971191406e+01,1.029199981689453125e+01
3.921384334564208984e+00,1.836894226074218750e+01,1.244604682922363281e+01,1.063067817687988281e+01
3.881954193115234375e+00,1.836894226074218750e+01,1.276793861389160156e+01,1.096696662902832031e+01
3.834349155426025391e+00,1.836894226074218750e+01,1.316591072082519531e+01,1.127216625213623047e+01
3.794045925140380859e+00,1.836894226074218750e+01,1.350039005279541016e+01,1.160533142089843750e+01
3.755477905273437500e+00,1.836894226074218750e+01,1.386839485168457031e+01,1.198021697998046875e+01
3.727851629257202148e+00,1.836894226074218750e+01,1.411511611938476562e+01,1.237349319458007812e+01
3.694736003875732422e+00,1.836894226074218750e+01,1.441405487060546875e+01,1.272185707092285156e+01
3.661771535873413086e+00,1.836894226074218750e+01,1.470997714996337891e+01,1.306053638458251953e+01
3.625536680221557617e+00,1.836894226074218750e+01,1.503740787506103516e+01,1.339747142791748047e+01
3.590687274932861328e+00,1.836894226074218750e+01,1.536339664459228516e+01,1.379292106628417969e+01
3.552750587463378906e+00,1.836894226074218750e+01,1.575466346740722656e+01,1.426158809661865234e+01
3.512532234191894531e+00,1.836894226074218750e+01,1.618939971923828125e+01,1.479529476165771484e+01
3.471893072128295898e+00,1.836894226074218750e+01,1.664346885681152344e+01,1.536398983001708984e+01
3.437047004699707031e+00,1.836894226074218750e+01,1.706489562988281250e+01,1.588032531738281250e+01
3.409435749053955078e+00,1.836894226074218750e+01,1.741742134094238281e+01,1.630581855773925781e+01
5.699930191040039062e+00,1.849895286560058594e+01,1.745500326156616211e+00,1.995928883552551270e+00
5.671094894409179688e+00,1.849895286560058594e+01,2.060717821121215820e+00,2.391128301620483398e+00
5.623495578765869141e+00,1.849895286560058594e+01,2.378902435302734375e+00,2.729500532150268555e+00
5.576996326446533203e+00,1.849895286560058594e+01,2.690151929855346680e+00,3.057751417160034180e+00
5.510006427764892578e+00,1.849895286560058594e+01,3.035688638687133789e+00,3.335360288619995117e+00
5.446248054504394531e+00,1.849895286560058594e+01,3.368974924087524414e+00,3.599130392074584961e+00
5.376813411712646484e+00,1.849895286560058594e+01,3.677867174148559570e+00,3.806886196136474609e+00
5.311743736267089844e+00,1.849895286560058594e+01,3.980548620223999023e+00,4.024371147155761719e+00
5.254117012023925781e+00,1.849895286560058594e+01,4.280445098876953125e+00,4.277332782745361328e+00
5.193909645080566406e+00,1.849895286560058594e+01,4.586009025573730469e+00,4.520166873931884766e+00
5.113547325134277344e+00,1.849895286560058594e+01,4.943309783935546875e+00,4.703117370605468750e+00
5.039618015289306641e+00,1.849895286560058594e+01,5.270509719848632812e+00,4.888409137725830078e+00
4.967212200164794922e+00,1.849895286560058594e+01,5.615684986114501953e+00,5.096839427947998047e+00
4.919304370880126953e+00,1.849895286560058594e+01,5.920693397521972656e+00,5.401804447174072266e+00
4.868391513824462891e+00,1.849895286560058594e+01,6.277721405029296875e+00,5.734277248382568359e+00
4.814307212829589844e+00,1.849895286560058594e+01,6.671366691589355469e+00,6.078878879547119141e+00
4.755649566650390625e+00,1.849895286560058594e+01,7.030267238616943359e+00,6.359649658203125000e+00
4.696652412414550781e+00,1.849895286560058594e+01,7.354544639587402344e+00,6.605263233184814453e+00
4.638620853424072266e+00,1.849895286560058594e+01,7.684881687164306641e+00,6.859550476074218750e+00
4.580698966979980469e+00,1.849895286560058594e+01,8.023989677429199219e+00,7.120236873626708984e+00
4.525709152221679688e+00,1.849895286560058594e+01,8.351937294006347656e+00,7.389452457427978516e+00
4.471008777618408203e+00,1.849895286560058594e+01,8.692387580871582031e+00,7.668302059173583984e+00
4.414423942565917969e+00,1.849895286560058594e+01,9.059912681579589844e+00,7.951077461242675781e+00
4.353250503540039062e+00,1.849895286560058594e+01,9.418151855468750000e+00,8.181206703186035156e+00
4.295737266540527344e+00,1.849895286560058594e+01,9.797031402587890625e+00,8.451884269714355469e+00
4.236376285552978516e+00,1.849895286560058594e+01,1.015968990325927734e+01,8.688220977783203125e+00
4.180924892425537109e+00,1.849895286560058594e+01,1.051474761962890625e+01,8.947160720825195312e+00
4.130713939666748047e+00,1.849895286560058594e+01,1.086073493957519531e+01,9.235216140747070312e+00
4.075892925262451172e+00,1.849895286560058594e+01,1.126613235473632812e+01,9.522012710571289062e+00
4.025376796722412109e+00,1.849895286560058594e+01,1.163601493835449219e+01,9.812932968139648438e+00
3.982802629470825195e+00,1.849895286560058594e+01,1.196638202667236328e+01,1.014015960693359375e+01
3.945408344268798828e+00,1.849895286560058594e+01,1.227182006835937500e+01,1.048906135559082031e+01
3.903615951538085938e+00,1.849895286560058594e+01,1.260645484924316406e+01,1.080639362335205078e+01
3.859593868255615234e+00,1.849895286560058594e+01,1.296754741668701172e+01,1.111424064636230469e+01
3.819102287292480469e+00,1.849895286560058594e+01,1.329271984100341797e+01,1.143306064605712891e+01
3.781934022903442383e+00,1.849895286560058594e+01,1.363072586059570312e+01,1.179589557647705078e+01
3.749920845031738281e+00,1.849895286560058594e+01,1.392747306823730469e+01,1.217283058166503906e+01
3.719954967498779297e+00,1.849895286560058594e+01,1.419445991516113281e+01,1.253083324432373047e+01
3.685570001602172852e+00,1.849895286560058594e+01,1.449277687072753906e+01,1.284931755065917969e+01
3.649614334106445312e+00,1.849895286560058594e+01,1.480768108367919922e+01,1.317313480377197266e+01
3.614477157592773438e+00,1.849895286560058594e+01,1.513567256927490234e+01,1.355851364135742188e+01
3.576476573944091797e+00,1.849895286560058594e+01,1.551139068603515625e+01,1.400403118133544922e+01
3.536865472793579102e+00,1.849895286560058594e+01,1.592402648925781250e+01,1.452119255065917969e+01
3.495714902877807617e+00,1.849895286560058594e+01,1.638726806640625000e+01,1.508115768432617188e+01
3.461711168289184570e+00,1.849895286560058594e+01,1.677388381958007812e+01,1.557833099365234375e+01
3.433427810668945312e+00,1.849895286560058594e+01,1.713150787353515625e+01,1.599645805358886719e+01
5.708937644958496094e+00,1.862906265258789062e+01,1.698284745216369629e+00,1.940665602684020996e+00
5.679636001586914062e+00,1.862906265258789062e+01,2.019373416900634766e+00,2.340181827545166016e+00
5.634995460510253906e+00,1.862906265258789062e+01,2.331289291381835938e+00,2.679513692855834961e+00
5.589440822601318359e+00,1.862906265258789062e+01,2.638779878616333008e+00,3.007644891738891602e+00
5.525315284729003906e+00,1.862906265258789062e+01,2.978650331497192383e+00,3.290413379669189453e+00
5.464347362518310547e+00,1.862906265258789062e+01,3.303221702575683594e+00,3.557711362838745117e+00
5.393348217010498047e+00,1.862906265258789062e+01,3.622893333435058594e+00,3.768910884857177734e+00
5.327725887298583984e+00,1.862906265258789062e+01,3.927028656005859375e+00,3.983416795730590820e+00
5.269715309143066406e+00,1.862906265258789062e+01,4.220802307128906250e+00,4.226466178894042969e+00
5.212089538574218750e+00,1.862906265258789062e+01,4.518537998199462891e+00,4.473740100860595703e+00
5.137328624725341797e+00,1.862906265258789062e+01,4.856913089752197266e+00,4.666346549987792969e+00
5.062435626983642578e+00,1.862906265258789062e+01,5.192797183990478516e+00,4.853190898895263672e+00
4.988215446472167969e+00,1.862906265258789062e+01,5.540316104888916016e+00,5.051596641540527344e+00
4.934978485107421875e+00,1.862906265258789062e+01,5.833465576171875000e+00,5.313743591308593750e+00
4.884264945983886719e+00,1.862906265258789062e+01,6.182377815246582031e+00,5.638580799102783203e+00
4.831754684448242188e+00,1.862906265258789062e+01,6.566102981567382812e+00,5.981527805328369141e+00
4.777892589569091797e+00,1.862906265258789062e+01,6.927256584167480469e+00,6.293898105621337891e+00
4.716218948364257812e+00,1.862906265258789062e+01,7.257483959197998047e+00,6.524450302124023438e+00
4.659704685211181641e+00,1.862906265258789062e+01,7.584021568298339844e+00,6.784051418304443359e+00
4.601885318756103516e+00,1.862906265258789062e+01,7.917798519134521484e+00,7.038495063781738281e+00
4.546689033508300781e+00,1.862906265258789062e+01,8.238240242004394531e+00,7.297084331512451172e+00
4.494067192077636719e+00,1.862906265258789062e+01,8.572979927062988281e+00,7.585786342620849609e+00
4.436452865600585938e+00,1.862906265258789062e+01,8.919685363769531250e+00,7.840559005737304688e+00
4.375581741333007812e+00,1.862906265258789062e+01,9.285168647766113281e+00,8.077340126037597656e+00
4.321405887603759766e+00,1.862906265258789062e+01,9.663621902465820312e+00,8.374868392944335938e+00
4.259250164031982422e+00,1.862906265258789062e+01,1.003007030487060547e+01,8.587534904479980469e+00
4.203186988830566406e+00,1.862906265258789062e+01,1.038638973236083984e+01,8.839124679565429688e+00
4.153396129608154297e+00,1.862906265258789062e+01,1.070783901214599609e+01,9.109360694885253906e+00
4.098822593688964844e+00,1.862906265258789062e+01,1.110376262664794922e+01,9.387092590332031250e+00
4.048917770385742188e+00,1.862906265258789062e+01,1.148148345947265625e+01,9.686837196350097656e+00
4.007098674774169922e+00,1.862906265258789062e+01,1.179245185852050781e+01,1.000346088409423828e+01
3.964893102645874023e+00,1.862906265258789062e+01,1.212490940093994141e+01,1.032215023040771484e+01
3.925989866256713867e+00,1.862906265258789062e+01,1.243205833435058594e+01,1.064226150512695312e+01
3.885496616363525391e+00,1.862906265258789062e+01,1.277090835571289062e+01,1.096567535400390625e+01
3.842219114303588867e+00,1.862906265258789062e+01,1.311023807525634766e+01,1.126002693176269531e+01
3.807296276092529297e+00,1.862906265258789062e+01,1.340606689453125000e+01,1.160924720764160156e+01
3.769803285598754883e+00,1.862906265258789062e+01,1.374112224578857422e+01,1.194718742370605469e+01
3.743975162506103516e+00,1.862906265258789062e+01,1.397796440124511719e+01,1.232874679565429688e+01
3.708673238754272461e+00,1.862906265258789062e+01,1.428033447265625000e+01,1.263450145721435547e+01
3.676044702529907227e+00,1.862906265258789062e+01,1.456297206878662109e+01,1.296891403198242188e+01
3.637967109680175781e+00,1.862906265258789062e+01,1.491238403320312500e+01,1.332436275482177734e+01
3.601211309432983398e+00,1.862906265258789062e+01,1.525632476806640625e+01,1.374958992004394531e+01
3.560585021972656250e+00,1.862906265258789062e+01,1.568373966217041016e+01,1.425577926635742188e+01
3.519970178604125977e+00,1.862906265258789062e+01,1.612279129028320312e+01,1.479860973358154297e+01
3.485268115997314453e+00,1.862906265258789062e+01,1.652263832092285156e+01,1.529318046569824219e+01
3.458029747009277344e+00,1.862906265258789062e+01,1.684036445617675781e+01,1.569195842742919922e+01
5.715584278106689453e+00,1.875917053222656250e+01,1.653481245040893555e+00,1.881871938705444336e+00
5.684457302093505859e+00,1.875917053222656250e+01,1.982702136039733887e+00,2.282457828521728516e+00
5.647265911102294922e+00,1.875917053222656250e+01,2.282632350921630859e+00,2.630672216415405273e+00
5.602000236511230469e+00,1.875917053222656250e+01,2.585179805755615234e+00,2.954667806625366211e+00
5.541310787200927734e+00,1.875917053222656250e+01,2.920730113983154297e+00,3.246449470520019531e+00
5.480970859527587891e+00,1.875917053222656250e+01,3.241953372955322266e+00,3.513921976089477539e+00
5.411364555358886719e+00,1.875917053222656250e+01,3.565989971160888672e+00,3.735028266906738281e+00
5.344588279724121094e+00,1.875917053222656250e+01,3.873249292373657227e+00,3.946026325225830078e+00
5.285705566406250000e+00,1.875917053222656250e+01,4.158923149108886719e+00,4.174797058105468750e+00
5.229168891906738281e+00,1.875917053222656250e+01,4.454380989074707031e+00,4.423819541931152344e+00
5.161342620849609375e+00,1.875917053222656250e+01,4.771490573883056641e+00,4.631095409393310547e+00
5.083988666534423828e+00,1.875917053222656250e+01,5.119975566864013672e+00,4.815159797668457031e+00
5.010365009307861328e+00,1.875917053222656250e+01,5.459776401519775391e+00,5.007503032684326172e+00
4.949861049652099609e+00,1.875917053222656250e+01,5.755500793457031250e+00,5.228960514068603516e+00
4.900623798370361328e+00,1.875917053222656250e+01,6.093834877014160156e+00,5.551427364349365234e+00
4.849733352661132812e+00,1.875917053222656250e+01,6.457440853118896484e+00,5.884087562561035156e+00
4.797948837280273438e+00,1.875917053222656250e+01,6.822983264923095703e+00,6.211680412292480469e+00
4.736846923828125000e+00,1.875917053222656250e+01,7.162577152252197266e+00,6.452228546142578125e+00
4.681743621826171875e+00,1.875917053222656250e+01,7.481289386749267578e+00,6.713569641113281250e+00
4.622737407684326172e+00,1.875917053222656250e+01,7.808525085449218750e+00,6.950745105743408203e+00
4.568453788757324219e+00,1.875917053222656250e+01,8.127630233764648438e+00,7.212811470031738281e+00
4.516602039337158203e+00,1.875917053222656250e+01,8.453926086425781250e+00,7.498847484588623047e+00
4.458220958709716797e+00,1.875917053222656250e+01,8.795102119445800781e+00,7.740554332733154297e+00
4.399131298065185547e+00,1.875917053222656250e+01,9.164206504821777344e+00,7.993160724639892578e+00
4.344086170196533203e+00,1.875917053222656250e+01,9.514503479003906250e+00,8.257751464843750000e+00
4.284599781036376953e+00,1.875917053222656250e+01,9.891383171081542969e+00,8.500286102294921875e+00
4.226545810699462891e+00,1.875917053222656250e+01,1.025465106964111328e+01,8.737864494323730469e+00
4.173483371734619141e+00,1.875917053222656250e+01,1.058914852142333984e+01,8.988037109375000000e+00
4.121210098266601562e+00,1.875917053222656250e+01,1.096144390106201172e+01,9.264472961425781250e+00
4.073069095611572266e+00,1.875917053222656250e+01,1.131354904174804688e+01,9.555461883544921875e+00
4.027361392974853516e+00,1.875917053222656250e+01,1.164807987213134766e+01,9.850030899047851562e+00
3.987191200256347656e+00,1.875917053222656250e+01,1.195822620391845703e+01,1.016762351989746094e+01
3.951727151870727539e+00,1.875917053222656250e+01,1.223672771453857422e+01,1.049651050567626953e+01
3.911785602569580078e+00,1.875917053222656250e+01,1.255201625823974609e+01,1.080306053161621094e+01
3.866918087005615234e+00,1.875917053222656250e+01,1.291833782196044922e+01,1.109705543518066406e+01
3.830222129821777344e+00,1.875917053222656250e+01,1.321228313446044922e+01,1.142018699645996094e+01
3.798917055130004883e+00,1.875917053222656250e+01,1.350101852416992188e+01,1.178999233245849609e+01
3.765985965728759766e+00,1.875917053222656250e+01,1.378214645385742188e+01,1.211912631988525391e+01
3.733389377593994141e+00,1.875917053222656250e+01,1.405915260314941406e+01,1.243353080749511719e+01
3.698977947235107422e+00,1.875917053222656250e+01,1.435976791381835938e+01,1.275429058074951172e+01
3.662325859069824219e+00,1.875917053222656250e+01,1.467840290069580078e+01,1.309387493133544922e+01
3.624802350997924805e+00,1.875917053222656250e+01,1.503485870361328125e+01,1.350957965850830078e+01
3.584749698638916016e+00,1.875917053222656250e+01,1.543652057647705078e+01,1.399205017089843750e+01
3.544384002685546875e+00,1.875917053222656250e+01,1.586246109008789062e+01,1.452278137207031250e+01
3.509288787841796875e+00,1.875917053222656250e+01,1.626010131835937500e+01,1.500633049011230469e+01
3.481788635253906250e+00,1.875917053222656250e+01,1.658224678039550781e+01,1.540379428863525391e+01
5.691236495971679688e+00,1.888918113708496094e+01,1.940472960472106934e+00,2.223916769027709961e+00
5.658006191253662109e+00,1.888918113708496094e+01,2.237604856491088867e+00,2.580047845840454102e+00
5.612587928771972656e+00,1.888918113708496094e+01,2.537391185760498047e+00,2.900144100189208984e+00
5.557250022888183594e+00,1.888918113708496094e+01,2.860476732254028320e+00,3.198733806610107422e+00
5.495800495147705078e+00,1.888918113708496094e+01,3.185809850692749023e+00,3.466758489608764648e+00
5.430187225341796875e+00,1.888918113708496094e+01,3.504222631454467773e+00,3.699297428131103516e+00
5.363632678985595703e+00,1.888918113708496094e+01,3.805653572082519531e+00,3.904712677001953125e+00
5.301982402801513672e+00,1.888918113708496094e+01,4.097077846527099609e+00,4.123720645904541016e+00
5.246401309967041016e+00,1.888918113708496094e+01,4.390736579895019531e+00,4.374624729156494141e+00
5.185254573822021484e+00,1.888918113708496094e+01,4.687917232513427734e+00,4.596748828887939453e+00
5.107280254364013672e+00,1.888918113708496094e+01,5.037402629852294922e+00,4.776417732238769531e+00
5.034061908721923828e+00,1.888918113708496094e+01,5.373882770538330078e+00,4.966450691223144531e+00
4.969223976135253906e+00,1.888918113708496094e+01,5.676450252532958984e+00,5.168715476989746094e+00
4.917611122131347656e+00,1.888918113708496094e+01,6.001141548156738281e+00,5.463437080383300781e+00
4.868922710418701172e+00,1.888918113708496094e+01,6.340650081634521484e+00,5.785906314849853516e+00
4.815495014190673828e+00,1.888918113708496094e+01,6.717346668243408203e+00,6.111265182495117188e+00
4.758544445037841797e+00,1.888918113708496094e+01,7.064794063568115234e+00,6.384515762329101562e+00
4.701218605041503906e+00,1.888918113708496094e+01,7.376937866210937500e+00,6.622031688690185547e+00
4.644358634948730469e+00,1.888918113708496094e+01,7.701457500457763672e+00,6.870396137237548828e+00
4.590118885040283203e+00,1.888918113708496094e+01,8.023351669311523438e+00,7.133661270141601562e+00
4.533925056457519531e+00,1.888918113708496094e+01,8.344964027404785156e+00,7.378453254699707031e+00
4.481876373291015625e+00,1.888918113708496094e+01,8.672663688659667969e+00,7.656764984130859375e+00
4.425362586975097656e+00,1.888918113708496094e+01,9.028325080871582031e+00,7.918192863464355469e+00
4.367145538330078125e+00,1.888918113708496094e+01,9.363452911376953125e+00,8.141631126403808594e+00
4.310027599334716797e+00,1.888918113708496094e+01,9.762809753417968750e+00,8.422551155090332031e+00
4.249243259429931641e+00,1.888918113708496094e+01,1.011824703216552734e+01,8.626852035522460938e+00
4.195267200469970703e+00,1.888918113708496094e+01,1.046432876586914062e+01,8.875896453857421875e+00
4.145959854125976562e+00,1.888918113708496094e+01,1.079100418090820312e+01,9.139143943786621094e+00
4.093312263488769531e+00,1.888918113708496094e+01,1.117163944244384766e+01,9.408905982971191406e+00
4.047362327575683594e+00,1.888918113708496094e+01,1.150504779815673828e+01,9.695660591125488281e+00
4.011966228485107422e+00,1.888918113708496094e+01,1.177042007446289062e+01,1.002044963836669922e+01
3.974957942962646484e+00,1.888918113708496094e+01,1.207188796997070312e+01,1.035021209716796875e+01
3.933626651763916016e+00,1.888918113708496094e+01,1.238762092590332031e+01,1.063683032989501953e+01
3.892406225204467773e+00,1.888918113708496094e+01,1.272565269470214844e+01,1.094248294830322266e+01
3.853123188018798828e+00,1.888918113708496094e+01,1.302633857727050781e+01,1.123814773559570312e+01
3.824061155319213867e+00,1.888918113708496094e+01,1.327935504913330078e+01,1.160035991668701172e+01
3.786858558654785156e+00,1.888918113708496094e+01,1.360264015197753906e+01,1.190981578826904297e+01
3.759886741638183594e+00,1.888918113708496094e+01,1.383190536499023438e+01,1.225102996826171875e+01
3.722457885742187500e+00,1.888918113708496094e+01,1.414544963836669922e+01,1.253777217864990234e+01
3.686844348907470703e+00,1.888918113708496094e+01,1.445242023468017578e+01,1.287268447875976562e+01
3.648581743240356445e+00,1.888918113708496094e+01,1.480840492248535156e+01,1.326970481872558594e+01
3.609336137771606445e+00,1.888918113708496094e+01,1.518197059631347656e+01,1.373149585723876953e+01
3.568362474441528320e+00,1.888918113708496094e+01,1.561997413635253906e+01,1.425492668151855469e+01
3.533998489379882812e+00,1.888918113708496094e+01,1.598608589172363281e+01,1.471637535095214844e+01
3.505733728408813477e+00,1.888918113708496094e+01,1.631866836547851562e+01,1.511209297180175781e+01
5.700554847717285156e+00,1.901929092407226562e+01,1.892627000808715820e+00,2.166273593902587891e+00
5.667889595031738281e+00,1.901929092407226562e+01,2.192167758941650391e+00,2.525812149047851562e+00
5.623242855072021484e+00,1.901929092407226562e+01,2.491800546646118164e+00,2.847543716430664062e+00
5.571426391601562500e+00,1.901929092407226562e+01,2.804476976394653320e+00,3.147636651992797852e+00
5.510272979736328125e+00,1.901929092407226562e+01,3.129095554351806641e+00,3.416662931442260742e+00
5.447848320007324219e+00,1.901929092407226562e+01,3.443441629409790039e+00,3.658400774002075195e+00
5.381324291229248047e+00,1.901929092407226562e+01,3.741993188858032227e+00,3.860394716262817383e+00
5.317757606506347656e+00,1.901929092407226562e+01,4.037748336791992188e+00,4.072399616241455078e+00
5.264114379882812500e+00,1.901929092407226562e+01,4.322462081909179688e+00,4.322530269622802734e+00
5.205801010131835938e+00,1.901929092407226562e+01,4.612840175628662109e+00,4.552156925201416016e+00
5.131280899047851562e+00,1.901929092407226562e+01,4.950228214263916016e+00,4.736833095550537109e+00
5.058077812194824219e+00,1.901929092407226562e+01,5.287181377410888672e+00,4.925927639007568359e+00
4.988740444183349609e+00,1.901929092407226562e+01,5.605128765106201172e+00,5.115945816040039062e+00
4.935338497161865234e+00,1.901929092407226562e+01,5.906303405761718750e+00,5.376876354217529297e+00
4.885809421539306641e+00,1.901929092407226562e+01,6.239684104919433594e+00,5.687103271484375000e+00
4.833538532257080078e+00,1.901929092407226562e+01,6.610548973083496094e+00,6.012497425079345703e+00
4.780952453613281250e+00,1.901929092407226562e+01,6.964479923248291016e+00,6.318969249725341797e+00
4.720772266387939453e+00,1.901929092407226562e+01,7.276665687561035156e+00,6.534266948699951172e+00
4.666149139404296875e+00,1.901929092407226562e+01,7.596480369567871094e+00,6.792645931243896484e+00
4.609078884124755859e+00,1.901929092407226562e+01,7.921505928039550781e+00,7.035874366760253906e+00
4.555188179016113281e+00,1.901929092407226562e+01,8.230627059936523438e+00,7.283839225769042969e+00
4.505867004394531250e+00,1.901929092407226562e+01,8.551198959350585938e+00,7.575940132141113281e+00
4.446878910064697266e+00,1.901929092407226562e+01,8.891729354858398438e+00,7.802875041961669922e+00
4.389588832855224609e+00,1.901929092407226562e+01,9.239292144775390625e+00,8.043099403381347656e+00
4.334763050079345703e+00,1.901929092407226562e+01,9.613732337951660156e+00,8.320958137512207031e+00
4.273971557617187500e+00,1.901929092407226562e+01,9.981032371520996094e+00,8.532557487487792969e+00
4.218027591705322266e+00,1.901929092407226562e+01,1.033809947967529297e+01,8.771428108215332031e+00
4.168706893920898438e+00,1.901929092407226562e+01,1.063791275024414062e+01,9.009955406188964844e+00
4.116819381713867188e+00,1.901929092407226562e+01,1.101156616210937500e+01,9.277445793151855469e+00
4.073242187500000000e+00,1.901929092407226562e+01,1.132972908020019531e+01,9.571057319641113281e+00
4.033546447753906250e+00,1.901929092407226562e+01,1.162340164184570312e+01,9.875897407531738281e+00
3.994140148162841797e+00,1.901929092407226562e+01,1.192205047607421875e+01,1.017420768737792969e+01
3.957970142364501953e+00,1.901929092407226562e+01,1.220328235626220703e+01,1.048075675964355469e+01
3.916755437850952148e+00,1.901929092407226562e+01,1.253556251525878906e+01,1.077749156951904297e+01
3.876997470855712891e+00,1.901929092407226562e+01,1.284298801422119141e+01,1.107022476196289062e+01
3.843920707702636719e+00,1.901929092407226562e+01,1.310504627227783203e+01,1.138975429534912109e+01
3.811853170394897461e+00,1.901929092407226562e+01,1.338236999511718750e+01,1.171614646911621094e+01
3.780697822570800781e+00,1.901929092407226562e+01,1.364980220794677734e+01,1.203572368621826172e+01
3.746973514556884766e+00,1.901929092407226562e+01,1.392332935333251953e+01,1.232867050170898438e+01
3.711583614349365234e+00,1.901929092407226562e+01,1.423485469818115234e+01,1.266322517395019531e+01
3.673192262649536133e+00,1.901929092407226562e+01,1.456927680969238281e+01,1.303085136413574219e+01
3.632956981658935547e+00,1.901929092407226562e+01,1.495810699462890625e+01,1.348447704315185547e+01
3.592507362365722656e+00,1.901929092407226562e+01,1.536975860595703125e+01,1.398538589477539062e+01
3.557755947113037109e+00,1.901929092407226562e+01,1.574444007873535156e+01,1.444577407836914062e+01
3.530153512954711914e+00,1.901929092407226562e+01,1.604908943176269531e+01,1.482446289062500000e+01
5.711556434631347656e+00,1.914940071105957031e+01,1.841400265693664551e+00,2.109495401382446289e+00
5.677763938903808594e+00,1.914940071105957031e+01,2.145932197570800781e+00,2.470603704452514648e+00
5.635839462280273438e+00,1.914940071105957031e+01,2.440919160842895508e+00,2.795311450958251953e+00
5.585463523864746094e+00,1.914940071105957031e+01,2.747973203659057617e+00,3.094919204711914062e+00
5.525222778320312500e+00,1.914940071105957031e+01,3.070669651031494141e+00,3.366018533706665039e+00
5.464426517486572266e+00,1.914940071105957031e+01,3.384130954742431641e+00,3.613270998001098633e+00
5.398323535919189453e+00,1.914940071105957031e+01,3.680907249450683594e+00,3.814802646636962891e+00
5.334802150726318359e+00,1.914940071105957031e+01,3.974801540374755859e+00,4.023355007171630859e+00
5.280942440032958984e+00,1.914940071105957031e+01,4.256692886352539062e+00,4.267403125762939453e+00
5.224136829376220703e+00,1.914940071105957031e+01,4.544072628021240234e+00,4.500743389129638672e+00
5.155940532684326172e+00,1.914940071105957031e+01,4.861642360687255859e+00,4.699303627014160156e+00
5.082395076751708984e+00,1.914940071105957031e+01,5.190638542175292969e+00,4.877466201782226562e+00
5.009641647338867188e+00,1.914940071105957031e+01,5.538202285766601562e+00,5.073854923248291016e+00
4.952592849731445312e+00,1.914940071105957031e+01,5.813302516937255859e+00,5.288884162902832031e+00
4.902611732482910156e+00,1.914940071105957031e+01,6.146986484527587891e+00,5.595349788665771484e+00
4.852278709411621094e+00,1.914940071105957031e+01,6.499945640563964844e+00,5.914037704467773438e+00
4.800673484802246094e+00,1.914940071105957031e+01,6.856230258941650391e+00,6.227233409881591797e+00
4.741863727569580078e+00,1.914940071105957031e+01,7.179365158081054688e+00,6.460281372070312500e+00
4.688859462738037109e+00,1.914940071105957031e+01,7.492158412933349609e+00,6.721549987792968750e+00
4.630140304565429688e+00,1.914940071105957031e+01,7.811123847961425781e+00,6.944630146026611328e+00
4.577995300292968750e+00,1.914940071105957031e+01,8.117897033691406250e+00,7.202060222625732422e+00
4.525812625885009766e+00,1.914940071105957031e+01,8.432495117187500000e+00,7.465119838714599609e+00
4.470088481903076172e+00,1.914940071105957031e+01,8.758244514465332031e+00,7.703429222106933594e+00
4.413483142852783203e+00,1.914940071105957031e+01,9.112854957580566406e+00,7.954152584075927734e+00
4.358090877532958984e+00,1.914940071105957031e+01,9.460055351257324219e+00,8.202066421508789062e+00
4.300470352172851562e+00,1.914940071105957031e+01,9.840233802795410156e+00,8.450670242309570312e+00
4.240910530090332031e+00,1.914940071105957031e+01,1.019678306579589844e+01,8.654846191406250000e+00
4.189506530761718750e+00,1.914940071105957031e+01,1.052147102355957031e+01,8.894061088562011719e+00
4.140042304992675781e+00,1.914940071105957031e+01,1.086130428314208984e+01,9.151795387268066406e+00
4.095476627349853516e+00,1.914940071105957031e+01,1.118008708953857422e+01,9.433078765869140625e+00
4.052870273590087891e+00,1.914940071105957031e+01,1.148800849914550781e+01,9.717822074890136719e+00
4.018616199493408203e+00,1.914940071105957031e+01,1.174349498748779297e+01,1.002885818481445312e+01
3.985104560852050781e+00,1.914940071105957031e+01,1.199220085144042969e+01,1.033319854736328125e+01
3.942567825317382812e+00,1.914940071105957031e+01,1.232713794708251953e+01,1.061260128021240234e+01
3.901552915573120117e+00,1.914940071105957031e+01,1.265699768066406250e+01,1.090586471557617188e+01
3.866400003433227539e+00,1.914940071105957031e+01,1.292381191253662109e+01,1.120371150970458984e+01
3.840872287750244141e+00,1.914940071105957031e+01,1.314757919311523438e+01,1.156073856353759766e+01
3.802843809127807617e+00,1.914940071105957031e+01,1.345632362365722656e+01,1.182785320281982422e+01
3.772660493850708008e+00,1.914940071105957031e+01,1.370763492584228516e+01,1.214074420928955078e+01
3.735403537750244141e+00,1.914940071105957031e+01,1.401789379119873047e+01,1.244276714324951172e+01
3.697240352630615234e+00,1.914940071105957031e+01,1.435186767578125000e+01,1.280520343780517578e+01
3.657033681869506836e+00,1.914940071105957031e+01,1.472979259490966797e+01,1.323955249786376953e+01
3.616952419281005859e+00,1.914940071105957031e+01,1.512158393859863281e+01,1.372255802154541016e+01
3.581774950027465820e+00,1.914940071105957031e+01,1.549898338317871094e+01,1.417700386047363281e+01
3.553877830505371094e+00,1.914940071105957031e+01,1.579854965209960938e+01,1.454793739318847656e+01
5.720381736755371094e+00,1.927950859069824219e+01,1.794437527656555176e+00,2.050863742828369141e+00
5.690221309661865234e+00,1.927950859069824219e+01,2.093352317810058594e+00,2.416501760482788086e+00
5.649653434753417969e+00,1.927950859069824219e+01,2.386333942413330078e+00,2.742832899093627930e+00
5.601644515991210938e+00,1.927950859069824219e+01,2.685711145401000977e+00,3.044125080108642578e+00
5.541290283203125000e+00,1.927950859069824219e+01,3.008337020874023438e+00,3.314900875091552734e+00
5.481743812561035156e+00,1.927950859069824219e+01,3.319611787796020508e+00,3.565613269805908203e+00
5.413845062255859375e+00,1.927950859069824219e+01,3.625647783279418945e+00,3.767497539520263672e+00
5.352378845214843750e+00,1.927950859069824219e+01,3.907219886779785156e+00,3.971399545669555664e+00
5.297008037567138672e+00,1.927950859069824219e+01,4.195677280426025391e+00,4.212878704071044922e+00
5.242609024047851562e+00,1.927950859069824219e+01,4.475733757019042969e+00,4.449996471405029297e+00
5.181493759155273438e+00,1.927950859069824219e+01,4.770859718322753906e+00,4.663647174835205078e+00
5.105766773223876953e+00,1.927950859069824219e+01,5.105264663696289062e+00,4.833695888519287109e+00
5.032789230346679688e+00,1.927950859069824219e+01,5.457253932952880859e+00,5.031429767608642578e+00
4.971117973327636719e+00,1.927950859069824219e+01,5.733509540557861328e+00,5.219394683837890625e+00
4.919973850250244141e+00,1.927950859069824219e+01,6.054825782775878906e+00,5.506590843200683594e+00
4.870813846588134766e+00,1.927950859069824219e+01,6.389404773712158203e+00,5.814289569854736328e+00
4.819277763366699219e+00,1.927950859069824219e+01,6.746580123901367188e+00,6.126495838165283203e+00
4.764114856719970703e+00,1.927950859069824219e+01,7.081283569335937500e+00,6.392570495605468750e+00
4.707147598266601562e+00,1.927950859069824219e+01,7.389511108398437500e+00,6.619875431060791016e+00
4.652484416961669922e+00,1.927950859069824219e+01,7.703110694885253906e+00,6.864972114562988281e+00
4.601152420043945312e+00,1.927950859069824219e+01,8.005507469177246094e+00,7.123193264007568359e+00
4.544301033020019531e+00,1.927950859069824219e+01,8.311730384826660156e+00,7.340678691864013672e+00
4.494805335998535156e+00,1.927950859069824219e+01,8.635517120361328125e+00,7.625232219696044922e+00
4.436809062957763672e+00,1.927950859069824219e+01,8.982582092285156250e+00,7.856680393218994141e+00
4.381777286529541016e+00,1.927950859069824219e+01,9.307744026184082031e+00,8.086719512939453125e+00
4.325709819793701172e+00,1.927950859069824219e+01,9.704277992248535156e+00,8.361798286437988281e+00
4.264133453369140625e+00,1.927950859069824219e+01,1.006211280822753906e+01,8.546606063842773438e+00
4.212099552154541016e+00,1.927950859069824219e+01,1.039733505249023438e+01,8.787090301513671875e+00
4.163753986358642578e+00,1.927950859069824219e+01,1.069601726531982422e+01,9.018502235412597656e+00
4.114144325256347656e+00,1.927950859069824219e+01,1.105100059509277344e+01,9.279089927673339844e+00
4.077094554901123047e+00,1.927950859069824219e+01,1.130987644195556641e+01,9.571015357971191406e+00
4.044281959533691406e+00,1.927950859069824219e+01,1.155789184570312500e+01,9.888953208923339844e+00
4.004599094390869141e+00,1.927950859069824219e+01,1.185918331146240234e+01,1.017165660858154297e+01
3.966610431671142578e+00,1.927950859069824219e+01,1.214806747436523438e+01,1.045426940917968750e+01
3.925271034240722656e+00,1.927950859069824219e+01,1.247166633605957031e+01,1.073358154296875000e+01
3.890079498291015625e+00,1.927950859069824219e+01,1.274090194702148438e+01,1.103073120117187500e+01
3.859067916870117188e+00,1.927950859069824219e+01,1.298717880249023438e+01,1.134020137786865234e+01
3.828670024871826172e+00,1.927950859069824219e+01,1.324125671386718750e+01,1.164688682556152344e+01
3.795339584350585938e+00,1.927950859069824219e+01,1.351359844207763672e+01,1.193519020080566406e+01
3.760035276412963867e+00,1.927950859069824219e+01,1.379603099822998047e+01,1.223017883300781250e+01
3.721283912658691406e+00,1.927950859069824219e+01,1.413749885559082031e+01,1.258249092102050781e+01
3.681766033172607422e+00,1.927950859069824219e+01,1.448794746398925781e+01,1.299301052093505859e+01
3.640990495681762695e+00,1.927950859069824219e+01,1.489236354827880859e+01,1.346874141693115234e+01
3.606276512145996094e+00,1.927950859069824219e+01,1.524194717407226562e+01,1.390170288085937500e+01
3.577691555023193359e+00,1.927950859069824219e+01,1.555638790130615234e+01,1.427687072753906250e+01
5.730974197387695312e+00,1.940951728820800781e+01,1.743470430374145508e+00,1.992385149002075195e+00
5.701197624206542969e+00,1.940951728820800781e+01,2.043058872222900391e+00,2.359614372253417969e+00
5.661787033081054688e+00,1.940951728820800781e+01,2.335227251052856445e+00,2.687527894973754883e+00
5.615539550781250000e+00,1.940951728820800781e+01,2.629542827606201172e+00,2.990346193313598633e+00
5.557242870330810547e+00,1.940951728820800781e+01,2.947762489318847656e+00,3.264228582382202148e+00
5.500059127807617188e+00,1.940951728820800781e+01,3.251724004745483398e+00,3.518248319625854492e+00
5.433305740356445312e+00,1.940951728820800781e+01,3.562134504318237305e+00,3.729224205017089844e+00
5.370013713836669922e+00,1.940951728820800781e+01,3.855983734130859375e+00,3.935822486877441406e+00
5.312816143035888672e+00,1.940951728820800781e+01,4.133024692535400391e+00,4.155175685882568359e+00
5.260759830474853516e+00,1.940951728820800781e+01,4.409312248229980469e+00,4.399135112762451172e+00
5.203350067138671875e+00,1.940951728820800781e+01,4.690417289733886719e+00,4.617474555969238281e+00
5.129839420318603516e+00,1.940951728820800781e+01,5.021341323852539062e+00,4.794517993927001953e+00
5.057490348815917969e+00,1.940951728820800781e+01,5.370375156402587891e+00,4.991921424865722656e+00
4.992804050445556641e+00,1.940951728820800781e+01,5.654571533203125000e+00,5.168352603912353516e+00
4.937754154205322266e+00,1.940951728820800781e+01,5.960958957672119141e+00,5.417980194091796875e+00
4.889358520507812500e+00,1.940951728820800781e+01,6.283151626586914062e+00,5.718442916870117188e+00
4.837640285491943359e+00,1.940951728820800781e+01,6.637851238250732422e+00,6.024602890014648438e+00
4.787086963653564453e+00,1.940951728820800781e+01,6.979152679443359375e+00,6.324907779693603516e+00
4.726847171783447266e+00,1.940951728820800781e+01,7.281004905700683594e+00,6.522525787353515625e+00
4.674999237060546875e+00,1.940951728820800781e+01,7.596166610717773438e+00,6.787561893463134766e+00
4.618972301483154297e+00,1.940951728820800781e+01,7.901943206787109375e+00,7.011596679687500000e+00
4.565495967864990234e+00,1.940951728820800781e+01,8.205639839172363281e+00,7.249456405639648438e+00
4.517992496490478516e+00,1.940951728820800781e+01,8.514381408691406250e+00,7.535809516906738281e+00
4.459136962890625000e+00,1.940951728820800781e+01,8.845675468444824219e+00,7.744319915771484375e+00
4.405498981475830078e+00,1.940951728820800781e+01,9.182378768920898438e+00,7.994277477264404297e+00
4.350315570831298828e+00,1.940951728820800781e+01,9.543843269348144531e+00,8.245834350585937500e+00
4.290884017944335938e+00,1.940951728820800781e+01,9.916824340820312500e+00,8.459959030151367188e+00
4.233854770660400391e+00,1.940951728820800781e+01,1.026309299468994141e+01,8.664242744445800781e+00
4.186592102050781250e+00,1.940951728820800781e+01,1.054950618743896484e+01,8.892889022827148438e+00
4.139536380767822266e+00,1.940951728820800781e+01,1.087974452972412109e+01,9.152652740478515625e+00
4.100633621215820312e+00,1.940951728820800781e+01,1.115936183929443359e+01,9.441051483154296875e+00
4.062600612640380859e+00,1.940951728820800781e+01,1.143341636657714844e+01,9.727133750915527344e+00
4.027047634124755859e+00,1.940951728820800781e+01,1.169231414794921875e+01,1.001193904876708984e+01
3.990909576416015625e+00,1.940951728820800781e+01,1.196733379364013672e+01,1.029746818542480469e+01
3.950530290603637695e+00,1.940951728820800781e+01,1.227611637115478516e+01,1.056936550140380859e+01
3.913091182708740234e+00,1.940951728820800781e+01,1.256474113464355469e+01,1.085571575164794922e+01
3.881561517715454102e+00,1.940951728820800781e+01,1.280310630798339844e+01,1.115020465850830078e+01
3.854846954345703125e+00,1.940951728820800781e+01,1.302473926544189453e+01,1.146907997131347656e+01
3.818545579910278320e+00,1.940951728820800781e+01,1.331123828887939453e+01,1.172977066040039062e+01
3.783627033233642578e+00,1.940951728820800781e+01,1.359868526458740234e+01,1.202681827545166016e+01
3.746388196945190430e+00,1.940951728820800781e+01,1.390896511077880859e+01,1.236084842681884766e+01
3.705819845199584961e+00,1.940951728820800781e+01,1.427268409729003906e+01,1.275994110107421875e+01
3.665207862854003906e+00,1.940951728820800781e+01,1.465727329254150391e+01,1.321441173553466797e+01
3.630347013473510742e+00,1.940951728820800781e+01,1.500873088836669922e+01,1.364327239990234375e+01
3.602173566818237305e+00,1.940951728820800781e+01,1.530315399169921875e+01,1.400372982025146484e+01
5.741223335266113281e+00,1.953962898254394531e+01,1.689092636108398438e+00,1.929144382476806641e+00
5.709661960601806641e+00,1.953962898254394531e+01,1.997554302215576172e+00,2.299729824066162109e+00
5.673907279968261719e+00,1.953962898254394531e+01,2.282903909683227539e+00,2.630251407623291016e+00
5.629276752471923828e+00,1.953962898254394531e+01,2.571286201477050781e+00,2.932900905609130859e+00
5.574246406555175781e+00,1.953962898254394531e+01,2.884025812149047852e+00,3.213813543319702148e+00
5.517108917236328125e+00,1.953962898254394531e+01,3.188854217529296875e+00,3.469787597656250000e+00
5.453543186187744141e+00,1.953962898254394531e+01,3.494788885116577148e+00,3.690055847167968750e+00
5.388930797576904297e+00,1.953962898254394531e+01,3.788812637329101562e+00,3.890257358551025391e+00
5.329486846923828125e+00,1.953962898254394531e+01,4.067901134490966797e+00,4.098765373229980469e+00
5.279239654541015625e+00,1.953962898254394531e+01,4.341760158538818359e+00,4.347740173339843750e+00
5.222137451171875000e+00,1.953962898254394531e+01,4.619582176208496094e+00,4.563733100891113281e+00
5.155154705047607422e+00,1.953962898254394531e+01,4.931917190551757812e+00,4.756614208221435547e+00
5.082612991333007812e+00,1.953962898254394531e+01,5.267709732055664062e+00,4.939033031463623047e+00
5.015372753143310547e+00,1.953962898254394531e+01,5.573267936706542969e+00,5.120028972625732422e+00
4.955680847167968750e+00,1.953962898254394531e+01,5.868049621582031250e+00,5.330831527709960938e+00
4.906847953796386719e+00,1.953962898254394531e+01,6.186021804809570312e+00,5.622818946838378906e+00
4.856840133666992188e+00,1.953962898254394531e+01,6.525577068328857422e+00,5.924304008483886719e+00
4.805770397186279297e+00,1.953962898254394531e+01,6.871708869934082031e+00,6.223929882049560547e+00
4.749300956726074219e+00,1.953962898254394531e+01,7.180846214294433594e+00,6.451635360717773438e+00
4.696442604064941406e+00,1.953962898254394531e+01,7.486930370330810547e+00,6.699934959411621094e+00
4.639748573303222656e+00,1.953962898254394531e+01,7.797271728515625000e+00,6.921170711517333984e+00
4.589481830596923828e+00,1.953962898254394531e+01,8.093701362609863281e+00,7.174146175384521484e+00
4.536832332611083984e+00,1.953962898254394531e+01,8.395586967468261719e+00,7.412715911865234375e+00
4.483366489410400391e+00,1.953962898254394531e+01,8.705718994140625000e+00,7.644142150878906250e+00
4.428421020507812500e+00,1.953962898254394531e+01,9.040445327758789062e+00,7.880945682525634766e+00
4.374570846557617188e+00,1.953962898254394531e+01,9.387534141540527344e+00,8.129429817199707031e+00
4.317951202392578125e+00,1.953962898254394531e+01,9.770668983459472656e+00,8.375622749328613281e+00
4.257888317108154297e+00,1.953962898254394531e+01,1.012101936340332031e+01,8.554660797119140625e+00
4.208068370819091797e+00,1.953962898254394531e+01,1.043747520446777344e+01,8.783784866333007812e+00
4.161771297454833984e+00,1.953962898254394531e+01,1.073458290100097656e+01,9.019442558288574219e+00
4.120192527770996094e+00,1.953962898254394531e+01,1.103141021728515625e+01,9.293743133544921875e+00
4.085088253021240234e+00,1.953962898254394531e+01,1.127359580993652344e+01,9.576573371887207031e+00
4.053180694580078125e+00,1.953962898254394531e+01,1.150785064697265625e+01,9.875095367431640625e+00
4.015709877014160156e+00,1.953962898254394531e+01,1.178019523620605469e+01,1.014090633392333984e+01
3.976485967636108398e+00,1.953962898254394531e+01,1.207949733734130859e+01,1.041225528717041016e+01
3.936157464981079102e+00,1.953962898254394531e+01,1.238653373718261719e+01,1.067918682098388672e+01
3.905693531036376953e+00,1.953962898254394531e+01,1.261691570281982422e+01,1.097742938995361328e+01
3.875219345092773438e+00,1.953962898254394531e+01,1.285484027862548828e+01,1.126488876342773438e+01
3.843649864196777344e+00,1.953962898254394531e+01,1.310626888275146484e+01,1.154640769958496094e+01
3.808558225631713867e+00,1.953962898254394531e+01,1.338743209838867188e+01,1.182971286773681641e+01
3.770709991455078125e+00,1.953962898254394531e+01,1.369661521911621094e+01,1.214584350585937500e+01
3.730114698410034180e+00,1.953962898254394531e+01,1.405521774291992188e+01,1.252949428558349609e+01
3.689875364303588867e+00,1.953962898254394531e+01,1.442097854614257812e+01,1.296495246887207031e+01
3.654565811157226562e+00,1.953962898254394531e+01,1.477608394622802734e+01,1.338626575469970703e+01
3.626347780227661133e+00,1.953962898254394531e+01,1.505729484558105469e+01,1.373375988006591797e+01
5.746977329254150391e+00,1.966973876953125000e+01,1.639172792434692383e+00,1.859478950500488281e+00
5.716571807861328125e+00,1.966973876953125000e+01,1.953087091445922852e+00,2.235893726348876953e+00
5.684480667114257812e+00,1.966973876953125000e+01,2.233906030654907227e+00,2.571161746978759766e+00
5.641227245330810547e+00,1.966973876953125000e+01,2.518868207931518555e+00,2.874254703521728516e+00
5.590700149536132812e+00,1.966973876953125000e+01,2.820333242416381836e+00,3.160369634628295898e+00
5.532551765441894531e+00,1.966973876953125000e+01,3.130585432052612305e+00,3.418539762496948242e+00
5.473587036132812500e+00,1.966973876953125000e+01,3.426870346069335938e+00,3.648825407028198242e+00
5.407400608062744141e+00,1.966973876953125000e+01,3.722766160964965820e+00,3.843191623687744141e+00
5.347107410430908203e+00,1.966973876953125000e+01,4.004094600677490234e+00,4.048026561737060547e+00
5.297122478485107422e+00,1.966973876953125000e+01,4.272444248199462891e+00,4.290996551513671875e+00
5.241506576538085938e+00,1.966973876953125000e+01,4.547656059265136719e+00,4.511233329772949219e+00
5.181091308593750000e+00,1.966973876953125000e+01,4.840111255645751953e+00,4.719389915466308594e+00
5.107798576354980469e+00,1.966973876953125000e+01,5.165542602539062500e+00,4.886429786682128906e+00
5.035634994506835938e+00,1.966973876953125000e+01,5.516933441162109375e+00,5.081396102905273438e+00
4.975731372833251953e+00,1.966973876953125000e+01,5.776307106018066406e+00,5.256647586822509766e+00
4.924706935882568359e+00,1.966973876953125000e+01,6.090242862701416016e+00,5.530039310455322266e+00
4.876318454742431641e+00,1.966973876953125000e+01,6.413955688476562500e+00,5.825823783874511719e+00
4.825037002563476562e+00,1.966973876953125000e+01,6.759849071502685547e+00,6.122700214385986328e+00
4.772066116333007812e+00,1.966973876953125000e+01,7.082792282104492188e+00,6.384522914886474609e+00
4.715301036834716797e+00,1.966973876953125000e+01,7.377490997314453125e+00,6.593427181243896484e+00
4.662712574005126953e+00,1.966973876953125000e+01,7.688838005065917969e+00,6.842859745025634766e+00
4.610413551330566406e+00,1.966973876953125000e+01,7.979555130004882812e+00,7.073757171630859375e+00
4.555858612060546875e+00,1.966973876953125000e+01,8.274013519287109375e+00,7.288103103637695312e+00
4.509624481201171875e+00,1.966973876953125000e+01,8.581687927246093750e+00,7.573751926422119141e+00
4.451143264770507812e+00,1.966973876953125000e+01,8.918939590454101562e+00,7.782827377319335938e+00
4.399134635925292969e+00,1.966973876953125000e+01,9.232611656188964844e+00,8.016181945800781250e+00
4.343011379241943359e+00,1.966973876953125000e+01,9.614224433898925781e+00,8.264886856079101562e+00
4.281274795532226562e+00,1.966973876953125000e+01,9.991864204406738281e+00,8.450375556945800781e+00
4.231008052825927734e+00,1.966973876953125000e+01,1.029813098907470703e+01,8.665109634399414062e+00
4.184178352355957031e+00,1.966973876953125000e+01,1.058248233795166016e+01,8.882370948791503906e+00
4.142411708831787109e+00,1.966973876953125000e+01,1.087441730499267578e+01,9.146957397460937500e+00
4.109211444854736328e+00,1.966973876953125000e+01,1.110201168060302734e+01,9.432822227478027344e+00
4.076443672180175781e+00,1.966973876953125000e+01,1.134788227081298828e+01,9.730008125305175781e+00
4.037946701049804688e+00,1.966973876953125000e+01,1.162167072296142578e+01,9.982926368713378906e+00
3.999526023864746094e+00,1.966973876953125000e+01,1.190616226196289062e+01,1.024376010894775391e+01
3.960052490234375000e+00,1.966973876953125000e+01,1.220404434204101562e+01,1.050820064544677734e+01
3.926852941513061523e+00,1.966973876953125000e+01,1.245332813262939453e+01,1.079087066650390625e+01
3.897979736328125000e+00,1.966973876953125000e+01,1.266981410980224609e+01,1.107505893707275391e+01
3.865088939666748047e+00,1.966973876953125000e+01,1.292977237701416016e+01,1.134371185302734375e+01
3.832635641098022461e+00,1.966973876953125000e+01,1.317888069152832031e+01,1.162397003173828125e+01
3.794627666473388672e+00,1.966973876953125000e+01,1.349561214447021484e+01,1.193589878082275391e+01
3.755130767822265625e+00,1.966973876953125000e+01,1.382536983489990234e+01,1.229779720306396484e+01
3.714288949966430664e+00,1.966973876953125000e+01,1.420238590240478516e+01,1.272420310974121094e+01
3.679300308227539062e+00,1.966973876953125000e+01,1.453074932098388672e+01,1.312151050567626953e+01
3.650433063507080078e+00,1.966973876953125000e+01,1.482807731628417969e+01,1.347583580017089844e+01
5.753762722015380859e+00,1.979984664916992188e+01,1.591333746910095215e+00,1.795299887657165527e+00
5.726136207580566406e+00,1.979984664916992188e+01,1.902168869972229004e+00,2.172564268112182617e+00
5.694911479949951172e+00,1.979984664916992188e+01,2.184608459472656250e+00,2.511258125305175781e+00
5.653503417968750000e+00,1.979984664916992188e+01,2.468043804168701172e+00,2.817990779876708984e+00
5.605631828308105469e+00,1.979984664916992188e+01,2.760279417037963867e+00,3.104210138320922852e+00
5.547760486602783203e+00,1.979984664916992188e+01,3.070504426956176758e+00,3.363555669784545898e+00
5.491366386413574219e+00,1.979984664916992188e+01,3.363709688186645508e+00,3.601649522781372070e+00
5.425506114959716797e+00,1.979984664916992188e+01,3.657801151275634766e+00,3.794332265853881836e+00
5.365535736083984375e+00,1.979984664916992188e+01,3.937252998352050781e+00,3.998028755187988281e+00
5.312141418457031250e+00,1.979984664916992188e+01,4.211147308349609375e+00,4.227710723876953125e+00
5.260944366455078125e+00,1.979984664916992188e+01,4.476466178894042969e+00,4.459064483642578125e+00
5.203334331512451172e+00,1.979984664916992188e+01,4.757278919219970703e+00,4.670179843902587891e+00
5.132992267608642578e+00,1.979984664916992188e+01,5.070760250091552734e+00,4.840988636016845703e+00
5.060626983642578125e+00,1.979984664916992188e+01,5.433030605316162109e+00,5.043042182922363281e+00
4.998778343200683594e+00,1.979984664916992188e+01,5.689961910247802734e+00,5.203131675720214844e+00
4.943015098571777344e+00,1.979984664916992188e+01,5.995700359344482422e+00,5.441386222839355469e+00
4.894352912902832031e+00,1.979984664916992188e+01,6.313069820404052734e+00,5.728501796722412109e+00
4.844343185424804688e+00,1.979984664916992188e+01,6.648470878601074219e+00,6.021172046661376953e+00
4.793653488159179688e+00,1.979984664916992188e+01,6.977327823638916016e+00,6.302029132843017578e+00
4.734014034271240234e+00,1.979984664916992188e+01,7.275156021118164062e+00,6.491594791412353516e+00
4.686336040496826172e+00,1.979984664916992188e+01,7.581935882568359375e+00,6.770116329193115234e+00
4.629655361175537109e+00,1.979984664916992188e+01,7.869216442108154297e+00,6.964082717895507812e+00
4.577196598052978516e+00,1.979984664916992188e+01,8.163560867309570312e+00,7.191624641418457031e+00
4.530288696289062500e+00,1.979984664916992188e+01,8.461694717407226562e+00,7.462016582489013672e+00
4.473972797393798828e+00,1.979984664916992188e+01,8.779653549194335938e+00,7.669236183166503906e+00
4.422971725463867188e+00,1.979984664916992188e+01,9.089436531066894531e+00,7.906616210937500000e+00
4.368454933166503906e+00,1.979984664916992188e+01,9.455376625061035156e+00,8.154314041137695312e+00
4.309731483459472656e+00,1.979984664916992188e+01,9.834197044372558594e+00,8.365183830261230469e+00
4.252137184143066406e+00,1.979984664916992188e+01,1.016988468170166016e+01,8.540106773376464844e+00
4.206986427307128906e+00,1.979984664916992188e+01,1.044453525543212891e+01,8.760413169860839844e+00
4.166086673736572266e+00,1.979984664916992188e+01,1.071729373931884766e+01,9.014162063598632812e+00
4.130346298217773438e+00,1.979984664916992188e+01,1.097718906402587891e+01,9.300152778625488281e+00
4.095314502716064453e+00,1.979984664916992188e+01,1.121156311035156250e+01,9.562776565551757812e+00
4.063425064086914062e+00,1.979984664916992188e+01,1.144111061096191406e+01,9.839698791503906250e+00
4.022772312164306641e+00,1.979984664916992188e+01,1.173330211639404297e+01,1.007893753051757812e+01
3.986705780029296875e+00,1.979984664916992188e+01,1.200651073455810547e+01,1.035391616821289062e+01
3.949581623077392578e+00,1.979984664916992188e+01,1.227886962890625000e+01,1.061233901977539062e+01
3.920788526535034180e+00,1.979984664916992188e+01,1.249231815338134766e+01,1.089326667785644531e+01
3.891027450561523438e+00,1.979984664916992188e+01,1.272117328643798828e+01,1.116560935974121094e+01
3.855906009674072266e+00,1.979984664916992188e+01,1.299336624145507812e+01,1.142709541320800781e+01
3.819577932357788086e+00,1.979984664916992188e+01,1.328048896789550781e+01,1.172472667694091797e+01
3.779899120330810547e+00,1.979984664916992188e+01,1.361386585235595703e+01,1.207754135131835938e+01
3.739109277725219727e+00,1.979984664916992188e+01,1.397568988800048828e+01,1.248044586181640625e+01
3.703867435455322266e+00,1.979984664916992188e+01,1.430477714538574219e+01,1.287272071838378906e+01
3.675068140029907227e+00,1.979984664916992188e+01,1.458895492553710938e+01,1.321466922760009766e+01
5.759239196777343750e+00,1.992985534667968750e+01,1.543000578880310059e+00,1.727838397026062012e+00
5.738269329071044922e+00,1.992985534667968750e+01,1.844630002975463867e+00,2.108867645263671875e+00
5.705419063568115234e+00,1.992985534667968750e+01,2.134529590606689453e+00,2.450554370880126953e+00
5.667847633361816406e+00,1.992985534667968750e+01,2.410996913909912109e+00,2.761781215667724609e+00
5.620855331420898438e+00,1.992985534667968750e+01,2.698292016983032227e+00,3.046629905700683594e+00
5.564109325408935547e+00,1.992985534667968750e+01,3.005359649658203125e+00,3.307058572769165039e+00
5.509213924407958984e+00,1.992985534667968750e+01,3.297092914581298828e+00,3.550623655319213867e+00
5.442781448364257812e+00,1.992985534667968750e+01,3.597361087799072266e+00,3.745796918869018555e+00
5.384072303771972656e+00,1.992985534667968750e+01,3.872155904769897461e+00,3.949694633483886719e+00
5.328206062316894531e+00,1.992985534667968750e+01,4.148966789245605469e+00,4.168334960937500000e+00
5.280091285705566406e+00,1.992985534667968750e+01,4.407573223114013672e+00,4.407303333282470703e+00
5.223643302917480469e+00,1.992985534667968750e+01,4.679380893707275391e+00,4.614630222320556641e+00
5.158038616180419922e+00,1.992985534667968750e+01,4.983991146087646484e+00,4.801493644714355469e+00
5.086440563201904297e+00,1.992985534667968750e+01,5.325886249542236328e+00,4.987261772155761719e+00
5.022193908691406250e+00,1.992985534667968750e+01,5.611570835113525391e+00,5.159343719482421875e+00
4.961541175842285156e+00,1.992985534667968750e+01,5.904971599578857422e+00,5.356932163238525391e+00
4.913112640380859375e+00,1.992985534667968750e+01,6.210683345794677734e+00,5.633615016937255859e+00
4.863519668579101562e+00,1.992985534667968750e+01,6.536698341369628906e+00,5.918519020080566406e+00
4.813247203826904297e+00,1.992985534667968750e+01,6.869022369384765625e+00,6.203050136566162109e+00
4.758076190948486328e+00,1.992985534667968750e+01,7.168529510498046875e+00,6.422685146331787109e+00
4.705163002014160156e+00,1.992985534667968750e+01,7.470062255859375000e+00,6.658503055572509766e+00
4.651270389556884766e+00,1.992985534667968750e+01,7.766396999359130859e+00,6.878445625305175781e+00
4.601703643798828125e+00,1.992985534667968750e+01,8.050897598266601562e+00,7.116575717926025391e+00
4.549898147583007812e+00,1.992985534667968750e+01,8.342510223388671875e+00,7.342112064361572266e+00
4.498552322387695312e+00,1.992985534667968750e+01,8.640243530273437500e+00,7.569359302520751953e+00
4.446907043457031250e+00,1.992985534667968750e+01,8.943081855773925781e+00,7.794104099273681641e+00
4.393580913543701172e+00,1.992985534667968750e+01,9.297594070434570312e+00,8.041388511657714844e+00
4.335780620574951172e+00,1.992985534667968750e+01,9.674041748046875000e+00,8.257616996765136719e+00
4.277487754821777344e+00,1.992985534667968750e+01,1.002834033966064453e+01,8.439606666564941406e+00
4.230122566223144531e+00,1.992985534667968750e+01,1.031501197814941406e+01,8.648881912231445312e+00
4.185498237609863281e+00,1.992985534667968750e+01,1.059453678131103516e+01,8.871869087219238281e+00
4.151524543762207031e+00,1.992985534667968750e+01,1.083179092407226562e+01,9.150922775268554688e+00
4.120668411254882812e+00,1.992985534667968750e+01,1.103886413574218750e+01,9.427128791809082031e+00
4.085011005401611328e+00,1.992985534667968750e+01,1.128838443756103516e+01,9.682066917419433594e+00
4.049774646759033203e+00,1.992985534667968750e+01,1.154069805145263672e+01,9.937331199645996094e+00
4.009250164031982422e+00,1.992985534667968750e+01,1.183437061309814453e+01,1.017879486083984375e+01
3.972929954528808594e+00,1.992985534667968750e+01,1.210208129882812500e+01,1.043924903869628906e+01
3.942339181900024414e+00,1.992985534667968750e+01,1.232649898529052734e+01,1.070688343048095703e+01
3.914549350738525391e+00,1.992985534667968750e+01,1.253076744079589844e+01,1.097617053985595703e+01
3.880117416381835938e+00,1.992985534667968750e+01,1.279932117462158203e+01,1.123496818542480469e+01
3.844707965850830078e+00,1.992985534667968750e+01,1.306985378265380859e+01,1.151749897003173828e+01
3.804814338684082031e+00,1.992985534667968750e+01,1.340314960479736328e+01,1.185605907440185547e+01
3.764498710632324219e+00,1.992985534667968750e+01,1.374570083618164062e+01,1.223991775512695312e+01
3.728610038757324219e+00,1.992985534667968750e+01,1.408296680450439453e+01,1.262745761871337891e+01
3.699705839157104492e+00,1.992985534667968750e+01,1.434886741638183594e+01,1.295128917694091797e+01
5.747718334197998047e+00,2.005996513366699219e+01,1.792796134948730469e+00,2.043829202651977539e+00
5.717953205108642578e+00,2.005996513366699219e+01,2.078868627548217773e+00,2.389871597290039062e+00
5.681510448455810547e+00,2.005996513366699219e+01,2.354352712631225586e+00,2.702837467193603516e+00
5.635799884796142578e+00,2.005996513366699219e+01,2.639106988906860352e+00,2.990456819534301758e+00
5.581396579742431641e+00,2.005996513366699219e+01,2.939022302627563477e+00,3.252391338348388672e+00
5.527054309844970703e+00,2.005996513366699219e+01,3.229577302932739258e+00,3.498069286346435547e+00
5.463336944580078125e+00,2.005996513366699219e+01,3.528968811035156250e+00,3.704034805297851562e+00
5.402059555053710938e+00,2.005996513366699219e+01,3.814467906951904297e+00,3.905789375305175781e+00
5.345321178436279297e+00,2.005996513366699219e+01,4.081972599029541016e+00,4.108924388885498047e+00
5.298283576965332031e+00,2.005996513366699219e+01,4.341331005096435547e+00,4.352974891662597656e+00
5.243414402008056641e+00,2.005996513366699219e+01,4.606059551239013672e+00,4.559969425201416016e+00
5.184765815734863281e+00,2.005996513366699219e+01,4.891365528106689453e+00,4.764552593231201172e+00
5.112480640411376953e+00,2.005996513366699219e+01,5.220618724822998047e+00,4.934278964996337891e+00
5.045868396759033203e+00,2.005996513366699219e+01,5.528978824615478516e+00,5.113605976104736328e+00
4.980160236358642578e+00,2.005996513366699219e+01,5.818822860717773438e+00,5.276573657989501953e+00
4.931547164916992188e+00,2.005996513366699219e+01,6.113825321197509766e+00,5.540924549102783203e+00
4.883289813995361328e+00,2.005996513366699219e+01,6.426700115203857422e+00,5.820893764495849609e+00
4.832932472229003906e+00,2.005996513366699219e+01,6.757625102996826172e+00,6.101879596710205078e+00
4.781909942626953125e+00,2.005996513366699219e+01,7.068116664886474609e+00,6.357663631439208984e+00
4.724432945251464844e+00,2.005996513366699219e+01,7.357675075531005859e+00,6.549609184265136719e+00
4.675245761871337891e+00,2.005996513366699219e+01,7.659553527832031250e+00,6.806140899658203125e+00
4.622405529022216797e+00,2.005996513366699219e+01,7.933445453643798828e+00,7.008472442626953125e+00
4.569396018981933594e+00,2.005996513366699219e+01,8.221646308898925781e+00,7.219628334045410156e+00
4.522921085357666016e+00,2.005996513366699219e+01,8.515380859375000000e+00,7.480069160461425781e+00
4.469166278839111328e+00,2.005996513366699219e+01,8.830331802368164062e+00,7.697041988372802734e+00
4.417455196380615234e+00,2.005996513366699219e+01,9.142827987670898438e+00,7.919922351837158203e+00
4.362795352935791016e+00,2.005996513366699219e+01,9.510134696960449219e+00,8.153697013854980469e+00
4.301798343658447266e+00,2.005996513366699219e+01,9.894749641418457031e+00,8.337367057800292969e+00
4.252143859863281250e+00,2.005996513366699219e+01,1.018282985687255859e+01,8.526456832885742188e+00
4.207637786865234375e+00,2.005996513366699219e+01,1.044864845275878906e+01,8.735095024108886719e+00
4.175371170043945312e+00,2.005996513366699219e+01,1.066718482971191406e+01,9.010868072509765625e+00
4.141437530517578125e+00,2.005996513366699219e+01,1.089563560485839844e+01,9.273383140563964844e+00
4.108213901519775391e+00,2.005996513366699219e+01,1.112915420532226562e+01,9.534949302673339844e+00
4.072777271270751953e+00,2.005996513366699219e+01,1.137606620788574219e+01,9.780180931091308594e+00
4.032359600067138672e+00,2.005996513366699219e+01,1.166317844390869141e+01,1.001155662536621094e+01
3.995799779891967773e+00,2.005996513366699219e+01,1.193242549896240234e+01,1.026757717132568359e+01
3.965417385101318359e+00,2.005996513366699219e+01,1.215004825592041016e+01,1.052815818786621094e+01
3.936246871948242188e+00,2.005996513366699219e+01,1.236474037170410156e+01,1.078801918029785156e+01
3.904628515243530273e+00,2.005996513366699219e+01,1.259775924682617188e+01,1.104116630554199219e+01
3.868759870529174805e+00,2.005996513366699219e+01,1.287978839874267578e+01,1.131674194335937500e+01
3.830285072326660156e+00,2.005996513366699219e+01,1.318155193328857422e+01,1.163142395019531250e+01
3.789647579193115234e+00,2.005996513366699219e+01,1.353232669830322266e+01,1.200944423675537109e+01
3.753788232803344727e+00,2.005996513366699219e+01,1.384699153900146484e+01,1.237299823760986328e+01
3.724298000335693359e+00,2.005996513366699219e+01,1.412927818298339844e+01,1.270431995391845703e+01
5.758283615112304688e+00,2.018997573852539062e+01,1.737975120544433594e+00,1.978594183921813965e+00
5.729758739471435547e+00,2.018997573852539062e+01,2.024228334426879883e+00,2.327559947967529297e+00
5.694296836853027344e+00,2.018997573852539062e+01,2.299679040908813477e+00,2.642596244812011719e+00
5.650897979736328125e+00,2.018997573852539062e+01,2.576348304748535156e+00,2.930120706558227539e+00
5.599203586578369141e+00,2.018997573852539062e+01,2.873675584793090820e+00,3.200535535812377930e+00
5.543353080749511719e+00,2.018997573852539062e+01,3.167918443679809570e+00,3.444181680679321289e+00
5.485931873321533203e+00,2.018997573852539062e+01,3.453440189361572266e+00,3.663176536560058594e+00
5.420523166656494141e+00,2.018997573852539062e+01,3.746247053146362305e+00,3.852930545806884766e+00
5.364179134368896484e+00,2.018997573852539062e+01,4.011301517486572266e+00,4.054428577423095703e+00
5.314871311187744141e+00,2.018997573852539062e+01,4.275454998016357422e+00,4.289825916290283203e+00
5.263679981231689453e+00,2.018997573852539062e+01,4.532073974609375000e+00,4.506941318511962891e+00
5.205659389495849609e+00,2.018997573852539062e+01,4.811975002288818359e+00,4.708781719207763672e+00
5.138540744781494141e+00,2.018997573852539062e+01,5.118156433105468750e+00,4.883643150329589844e+00
5.066942691802978516e+00,2.018997573852539062e+01,5.468477725982666016e+00,5.072618484497070312e+00
5.004816532135009766e+00,2.018997573852539062e+01,5.716921329498291016e+00,5.216025829315185547e+00
4.950375080108642578e+00,2.018997573852539062e+01,6.016726016998291016e+00,5.449869632720947266e+00
4.902435779571533203e+00,2.018997573852539062e+01,6.323003768920898438e+00,5.724725723266601562e+00
4.853029727935791016e+00,2.018997573852539062e+01,6.644385814666748047e+00,6.001676082611083984e+00
4.802303791046142578e+00,2.018997573852539062e+01,6.961325168609619141e+00,6.263309478759765625e+00
4.744769573211669922e+00,2.018997573852539062e+01,7.242682456970214844e+00,6.445042610168457031e+00
4.696540832519531250e+00,2.018997573852539062e+01,7.551318168640136719e+00,6.712872982025146484e+00
4.642186164855957031e+00,2.018997573852539062e+01,7.818932056427001953e+00,6.896625995635986328e+00
4.590416908264160156e+00,2.018997573852539062e+01,8.106046676635742188e+00,7.113460540771484375e+00
4.544392585754394531e+00,2.018997573852539062e+01,8.395419120788574219e+00,7.371940612792968750e+00
4.491172313690185547e+00,2.018997573852539062e+01,8.698419570922851562e+00,7.580894947052001953e+00
4.441189765930175781e+00,2.018997573852539062e+01,8.988085746765136719e+00,7.796119213104248047e+00
4.389449119567871094e+00,2.018997573852539062e+01,9.348191261291503906e+00,8.048093795776367188e+00
4.329795360565185547e+00,2.018997573852539062e+01,9.721198081970214844e+00,8.232287406921386719e+00
4.273516654968261719e+00,2.018997573852539062e+01,1.005796909332275391e+01,8.404693603515625000e+00
4.231172084808349609e+00,2.018997573852539062e+01,1.030274200439453125e+01,8.611043930053710938e+00
4.193820953369140625e+00,2.018997573852539062e+01,1.054850482940673828e+01,8.861490249633789062e+00
4.163462638854980469e+00,2.018997573852539062e+01,1.076099395751953125e+01,9.139091491699218750e+00
4.131894588470458984e+00,2.018997573852539062e+01,1.096667289733886719e+01,9.390267372131347656e+00
4.094486713409423828e+00,2.018997573852539062e+01,1.122245407104492188e+01,9.620005607604980469e+00
4.057220458984375000e+00,2.018997573852539062e+01,1.148367404937744141e+01,9.855864524841308594e+00
4.020402908325195312e+00,2.018997573852539062e+01,1.175054264068603516e+01,1.010344219207763672e+01
3.988231897354125977e+00,2.018997573852539062e+01,1.197969245910644531e+01,1.035393333435058594e+01
3.958701133728027344e+00,2.018997573852539062e+01,1.219164943695068359e+01,1.060314559936523438e+01
3.928670883178710938e+00,2.018997573852539062e+01,1.241302680969238281e+01,1.085651206970214844e+01
3.893428802490234375e+00,2.018997573852539062e+01,1.267957305908203125e+01,1.111499023437500000e+01
3.855333805084228516e+00,2.018997573852539062e+01,1.297772979736328125e+01,1.142046928405761719e+01
3.814952850341796875e+00,2.018997573852539062e+01,1.331441593170166016e+01,1.177915096282958984e+01
3.779039382934570312e+00,2.018997573852539062e+01,1.362781906127929688e+01,1.213394927978515625e+01
3.749511718750000000e+00,2.018997573852539062e+01,1.390051460266113281e+01,1.245323085784912109e+01
5.768306255340576172e+00,2.032018661499023438e+01,1.679619789123535156e+00,1.908060312271118164e+00
5.738310337066650391e+00,2.032018661499023438e+01,1.976432442665100098e+00,2.262377738952636719e+00
5.707004070281982422e+00,2.032018661499023438e+01,2.244405269622802734e+00,2.581296920776367188e+00
5.663941860198974609e+00,2.032018661499023438e+01,2.519147396087646484e+00,2.867334842681884766e+00
5.616822242736816406e+00,2.032018661499023438e+01,2.806444406509399414e+00,3.145202636718750000e+00
5.559171199798583984e+00,2.032018661499023438e+01,3.108195781707763672e+00,3.389452219009399414e+00
5.507081508636474609e+00,2.032018661499023438e+01,3.381845474243164062e+00,3.619471788406372070e+00
5.440135478973388672e+00,2.032018661499023438e+01,3.677284479141235352e+00,3.804022550582885742e+00
5.383668899536132812e+00,2.032018661499023438e+01,3.944939136505126953e+00,4.007002830505371094e+00
5.331238746643066406e+00,2.032018661499023438e+01,4.209313869476318359e+00,4.225214004516601562e+00
5.283894538879394531e+00,2.032018661499023438e+01,4.459084510803222656e+00,4.454236030578613281e+00
5.226643085479736328e+00,2.032018661499023438e+01,4.732489585876464844e+00,4.653085231781005859e+00
5.165091991424560547e+00,2.032018661499023438e+01,5.019285202026367188e+00,4.838757991790771484e+00
5.093688488006591797e+00,2.032018661499023438e+01,5.363477706909179688e+00,5.021662235260009766e+00
5.031241893768310547e+00,2.032018661499023438e+01,5.630642890930175781e+00,5.179677963256835938e+00
4.969457626342773438e+00,2.032018661499023438e+01,5.928115367889404297e+00,5.367899417877197266e+00
4.921360969543457031e+00,2.032018661499023438e+01,6.221185684204101562e+00,5.628660678863525391e+00
4.872564315795898438e+00,2.032018661499023438e+01,6.534353256225585938e+00,5.900504589080810547e+00
4.822604179382324219e+00,2.032018661499023438e+01,6.852235794067382812e+00,6.166172027587890625e+00
4.767441749572753906e+00,2.032018661499023438e+01,7.143002510070800781e+00,6.369858264923095703e+00
4.715973854064941406e+00,2.032018661499023438e+01,7.437577724456787109e+00,6.601208209991455078e+00
4.664591789245605469e+00,2.032018661499023438e+01,7.718669414520263672e+00,6.816409587860107422e+00
4.615171432495117188e+00,2.032018661499023438e+01,7.988849639892578125e+00,7.033911228179931641e+00
4.564628124237060547e+00,2.032018661499023438e+01,8.275322914123535156e+00,7.253820419311523438e+00
4.514985561370849609e+00,2.032018661499023438e+01,8.557865142822265625e+00,7.471038341522216797e+00
4.467296123504638672e+00,2.032018661499023438e+01,8.831285476684570312e+00,7.689412117004394531e+00
4.413541793823242188e+00,2.032018661499023438e+01,9.191967010498046875e+00,7.925848960876464844e+00
4.356442928314208984e+00,2.032018661499023438e+01,9.559108734130859375e+00,8.125270843505859375e+00
4.300912857055664062e+00,2.032018661499023438e+01,9.906847000122070312e+00,8.311373710632324219e+00
4.254089832305908203e+00,2.032018661499023438e+01,1.017926979064941406e+01,8.501382827758789062e+00
4.213362693786621094e+00,2.032018661499023438e+01,1.042557907104492188e+01,8.718886375427246094e+00
4.187532901763916016e+00,2.032018661499023438e+01,1.060120868682861328e+01,9.002806663513183594e+00
4.155402183532714844e+00,2.032018661499023438e+01,1.081037521362304688e+01,9.249642372131347656e+00
4.117908000946044922e+00,2.032018661499023438e+01,1.106032848358154297e+01,9.470713615417480469e+00
4.082466125488281250e+00,2.032018661499023438e+01,1.130676555633544922e+01,9.707140922546386719e+00
4.043231010437011719e+00,2.032018661499023438e+01,1.158042335510253906e+01,9.931777000427246094e+00
4.009982109069824219e+00,2.032018661499023438e+01,1.182079410552978516e+01,1.017902565002441406e+01
3.982660293579101562e+00,2.032018661499023438e+01,1.200872039794921875e+01,1.042696380615234375e+01
3.951596260070800781e+00,2.032018661499023438e+01,1.223746299743652344e+01,1.066770935058593750e+01
3.918266057968139648e+00,2.032018661499023438e+01,1.247941493988037109e+01,1.091674041748046875e+01
3.880298614501953125e+00,2.032018661499023438e+01,1.277900028228759766e+01,1.121410751342773438e+01
3.840307712554931641e+00,2.032018661499023438e+01,1.309769153594970703e+01,1.155401325225830078e+01
3.804080486297607422e+00,2.032018661499023438e+01,1.341487312316894531e+01,1.190131473541259766e+01
3.774497985839843750e+00,2.032018661499023438e+01,1.367024707794189453e+01,1.220119857788085938e+01
5.774989604949951172e+00,2.045019340515136719e+01,1.625742793083190918e+00,1.834474205970764160e+00
5.746978282928466797e+00,2.045019340515136719e+01,1.925878167152404785e+00,2.194334983825683594e+00
5.717521667480468750e+00,2.045019340515136719e+01,2.193028926849365234e+00,2.516739368438720703e+00
5.676430702209472656e+00,2.045019340515136719e+01,2.465938091278076172e+00,2.806243419647216797e+00
5.632889747619628906e+00,2.045019340515136719e+01,2.741341590881347656e+00,3.084909915924072266e+00
5.576222896575927734e+00,2.045019340515136719e+01,3.042200326919555664e+00,3.332396030426025391e+00
5.524400711059570312e+00,2.045019340515136719e+01,3.317687273025512695e+00,3.566231489181518555e+00
5.458874702453613281e+00,2.045019340515136719e+01,3.612545251846313477e+00,3.754751682281494141e+00
5.401066780090332031e+00,2.045019340515136719e+01,3.877270698547363281e+00,3.947607994079589844e+00
5.347411155700683594e+00,2.045019340515136719e+01,4.147697448730468750e+00,4.164331912994384766e+00
5.301820278167724609e+00,2.045019340515136719e+01,4.392965316772460938e+00,4.396138191223144531e+00
5.248136043548583984e+00,2.045019340515136719e+01,4.651751518249511719e+00,4.597908496856689453e+00
5.189171314239501953e+00,2.045019340515136719e+01,4.933909893035888672e+00,4.792675495147705078e+00
5.120177268981933594e+00,2.045019340515136719e+01,5.258631229400634766e+00,4.969399452209472656e+00
5.056725025177001953e+00,2.045019340515136719e+01,5.550943851470947266e+00,5.144092082977294922e+00
4.988418102264404297e+00,2.045019340515136719e+01,5.843191623687744141e+00,5.288245677947998047e+00
4.940268516540527344e+00,2.045019340515136719e+01,6.123276233673095703e+00,5.535419940948486328e+00
4.892211437225341797e+00,2.045019340515136719e+01,6.426789760589599609e+00,5.801695346832275391e+00
4.842778205871582031e+00,2.045019340515136719e+01,6.741180896759033203e+00,6.066123008728027344e+00
4.792044639587402344e+00,2.045019340515136719e+01,7.037055492401123047e+00,6.302420139312744141e+00
4.735284328460693359e+00,2.045019340515136719e+01,7.325531482696533203e+00,6.490348339080810547e+00
4.688245773315429688e+00,2.045019340515136719e+01,7.613717079162597656e+00,6.740946292877197266e+00
4.636112213134765625e+00,2.045019340515136719e+01,7.874911785125732422e+00,6.928532123565673828e+00
4.584910392761230469e+00,2.045019340515136719e+01,8.155022621154785156e+00,7.135620117187500000e+00
4.538553714752197266e+00,2.045019340515136719e+01,8.435023307800292969e+00,7.374414920806884766e+00
4.490646839141845703e+00,2.045019340515136719e+01,8.714658737182617188e+00,7.595379352569580078e+00
4.436792373657226562e+00,2.045019340515136719e+01,9.037637710571289062e+00,7.797296047210693359e+00
4.385331153869628906e+00,2.045019340515136719e+01,9.388250350952148438e+00,8.028540611267089844e+00
4.325394630432128906e+00,2.045019340515136719e+01,9.761911392211914062e+00,8.199668884277343750e+00
4.275089263916015625e+00,2.045019340515136719e+01,1.005650520324707031e+01,8.376537322998046875e+00
4.237022399902343750e+00,2.045019340515136719e+01,1.027104377746582031e+01,8.586337089538574219e+00
4.208459377288818359e+00,2.045019340515136719e+01,1.046067523956298828e+01,8.855597496032714844e+00
4.173221588134765625e+00,2.045019340515136719e+01,1.068748474121093750e+01,9.085492134094238281e+00
4.144615173339843750e+00,2.045019340515136719e+01,1.088204002380371094e+01,9.339825630187988281e+00
4.104438304901123047e+00,2.045019340515136719e+01,1.115107822418212891e+01,9.544380187988281250e+00
4.066984653472900391e+00,2.045019340515136719e+01,1.140964317321777344e+01,9.769281387329101562e+00
4.032935619354248047e+00,2.045019340515136719e+01,1.165263843536376953e+01,1.000920104980468750e+01
4.004335403442382812e+00,2.045019340515136719e+01,1.185201072692871094e+01,1.025032520294189453e+01
3.975270271301269531e+00,2.045019340515136719e+01,1.205438804626464844e+01,1.048294353485107422e+01
3.942440509796142578e+00,2.045019340515136719e+01,1.229834365844726562e+01,1.072960472106933594e+01
3.905406713485717773e+00,2.045019340515136719e+01,1.257337379455566406e+01,1.100443840026855469e+01
3.865338325500488281e+00,2.045019340515136719e+01,1.289638042449951172e+01,1.133675670623779297e+01
3.829435348510742188e+00,2.045019340515136719e+01,1.319068622589111328e+01,1.166309928894042969e+01
3.799234628677368164e+00,2.045019340515136719e+01,1.346044826507568359e+01,1.196797084808349609e+01
5.780967235565185547e+00,2.058030319213867188e+01,1.573945760726928711e+00,1.762149810791015625e+00
5.758965492248535156e+00,2.058030319213867188e+01,1.867118120193481445e+00,2.126779556274414062e+00
5.728439331054687500e+00,2.058030319213867188e+01,2.140560626983642578e+00,2.452192068099975586e+00
5.691848754882812500e+00,2.058030319213867188e+01,2.406225681304931641e+00,2.748205900192260742e+00
5.647006988525390625e+00,2.058030319213867188e+01,2.680387973785400391e+00,3.020952224731445312e+00
5.594149589538574219e+00,2.058030319213867188e+01,2.972478628158569336e+00,3.274356603622436523e+00
5.540264606475830078e+00,2.058030319213867188e+01,3.254902601242065430e+00,3.507186889648437500e+00
5.479506015777587891e+00,2.058030319213867188e+01,3.541683673858642578e+00,3.707398176193237305e+00
5.419570446014404297e+00,2.058030319213867188e+01,3.819034576416015625e+00,3.902627944946289062e+00
5.365253925323486328e+00,2.058030319213867188e+01,4.079365730285644531e+00,4.104754924774169922e+00
5.318606853485107422e+00,2.058030319213867188e+01,4.329925060272216797e+00,4.334879398345947266e+00
5.268940448760986328e+00,2.058030319213867188e+01,4.576126575469970703e+00,4.543787479400634766e+00
5.210278987884521484e+00,2.058030319213867188e+01,4.855218410491943359e+00,4.736107349395751953e+00
5.147096633911132812e+00,2.058030319213867188e+01,5.154529571533203125e+00,4.919689178466796875e+00
5.078274726867675781e+00,2.058030319213867188e+01,5.463682174682617188e+00,5.079029560089111328e+00
5.008380413055419922e+00,2.058030319213867188e+01,5.755589962005615234e+00,5.211678504943847656e+00
4.959651947021484375e+00,2.058030319213867188e+01,6.029415130615234375e+00,5.448333740234375000e+00
4.912384510040283203e+00,2.058030319213867188e+01,6.319537162780761719e+00,5.706219196319580078e+00
4.863485336303710938e+00,2.058030319213867188e+01,6.626905918121337891e+00,5.966518878936767578e+00
4.813140869140625000e+00,2.058030319213867188e+01,6.931043624877929688e+00,6.211210727691650391e+00
4.756336212158203125e+00,2.058030319213867188e+01,7.209149837493896484e+00,6.387441635131835938e+00
4.708543777465820312e+00,2.058030319213867188e+01,7.504366397857666016e+00,6.637373447418212891e+00
4.656135559082031250e+00,2.058030319213867188e+01,7.762362480163574219e+00,6.817873954772949219e+00
4.606688976287841797e+00,2.058030319213867188e+01,8.027537345886230469e+00,7.022555351257324219e+00
4.560436725616455078e+00,2.058030319213867188e+01,8.314606666564941406e+00,7.266192913055419922e+00
4.511175155639648438e+00,2.058030319213867188e+01,8.596207618713378906e+00,7.477308750152587891e+00
4.461011409759521484e+00,2.058030319213867188e+01,8.882044792175292969e+00,7.674877643585205078e+00
4.410532951354980469e+00,2.058030319213867188e+01,9.229981422424316406e+00,7.912431716918945312e+00
4.352383136749267578e+00,2.058030319213867188e+01,9.592730522155761719e+00,8.087951660156250000e+00
4.300802707672119141e+00,2.058030319213867188e+01,9.907112121582031250e+00,8.268944740295410156e+00
4.256482124328613281e+00,2.058030319213867188e+01,1.015410423278808594e+01,8.450071334838867188e+00
4.225167274475097656e+00,2.058030319213867188e+01,1.035550403594970703e+01,8.700778007507324219e+00
4.200017452239990234e+00,2.058030319213867188e+01,1.052277660369873047e+01,8.968591690063476562e+00
4.165208816528320312e+00,2.058030319213867188e+01,1.074422454833984375e+01,9.185610771179199219e+00
4.128202438354492188e+00,2.058030319213867188e+01,1.098635196685791016e+01,9.393196105957031250e+00
4.091670989990234375e+00,2.058030319213867188e+01,1.123745441436767578e+01,9.616004943847656250e+00
4.055993080139160156e+00,2.058030319213867188e+01,1.148192882537841797e+01,9.838481903076171875e+00
4.026320934295654297e+00,2.058030319213867188e+01,1.169165515899658203e+01,1.007415485382080078e+01
3.999069690704345703e+00,2.058030319213867188e+01,1.187790393829345703e+01,1.030568313598632812e+01
3.966579675674438477e+00,2.058030319213867188e+01,1.211316013336181641e+01,1.053942203521728516e+01
3.930246114730834961e+00,2.058030319213867188e+01,1.238136863708496094e+01,1.080524921417236328e+01
3.890779256820678711e+00,2.058030319213867188e+01,1.268823528289794922e+01,1.111870479583740234e+01
3.854843854904174805e+00,2.058030319213867188e+01,1.298539161682128906e+01,1.144110202789306641e+01
3.824446678161621094e+00,2.058030319213867188e+01,1.324322509765625000e+01,1.173123836517333984e+01
5.787176609039306641e+00,2.071031379699707031e+01,1.518339395523071289e+00,1.686690092086791992e+00
5.770391941070556641e+00,2.071031379699707031e+01,1.808125257492065430e+00,2.057276725769042969e+00
5.739950656890869141e+00,2.071031379699707031e+01,2.085306406021118164e+00,2.386062622070312500e+00
5.706675529479980469e+00,2.071031379699707031e+01,2.345982551574707031e+00,2.686763525009155273e+00
5.661425113677978516e+00,2.071031379699707031e+01,2.621563434600830078e+00,2.960327148437500000e+00
5.612488269805908203e+00,2.071031379699707031e+01,2.903393745422363281e+00,3.218223333358764648e+00
5.557712554931640625e+00,2.071031379699707031e+01,3.188006639480590820e+00,3.449914932250976562e+00
5.501775741577148438e+00,2.071031379699707031e+01,3.466488838195800781e+00,3.662877082824707031e+00
5.438171386718750000e+00,2.071031379699707031e+01,3.753239154815673828e+00,3.850018262863159180e+00
5.384786605834960938e+00,2.071031379699707031e+01,4.005927085876464844e+00,4.047980308532714844e+00
5.335906028747558594e+00,2.071031379699707031e+01,4.263261318206787109e+00,4.272322177886962891e+00
5.289843082427978516e+00,2.071031379699707031e+01,4.501466751098632812e+00,4.490939617156982422e+00
5.231972694396972656e+00,2.071031379699707031e+01,4.774106979370117188e+00,4.679880619049072266e+00
5.174221992492675781e+00,2.071031379699707031e+01,5.052294254302978516e+00,4.872674942016601562e+00
5.104030132293701172e+00,2.071031379699707031e+01,5.380789279937744141e+00,5.041051387786865234e+00
5.039174556732177734e+00,2.071031379699707031e+01,5.647825241088867188e+00,5.177935123443603516e+00
4.979267120361328125e+00,2.071031379699707031e+01,5.940036773681640625e+00,5.366379737854003906e+00
4.931689739227294922e+00,2.071031379699707031e+01,6.217070102691650391e+00,5.609278202056884766e+00
4.883643627166748047e+00,2.071031379699707031e+01,6.518792629241943359e+00,5.868579387664794922e+00
4.833961963653564453e+00,2.071031379699707031e+01,6.822114944458007812e+00,6.115289211273193359e+00
4.779049873352050781e+00,2.071031379699707031e+01,7.101169586181640625e+00,6.303100585937500000e+00
4.728631019592285156e+00,2.071031379699707031e+01,7.392045497894287109e+00,6.529641151428222656e+00
4.678984642028808594e+00,2.071031379699707031e+01,7.656311035156250000e+00,6.733213901519775391e+00
4.631089687347412109e+00,2.071031379699707031e+01,7.912380695343017578e+00,6.939570426940917969e+00
4.581419944763183594e+00,2.071031379699707031e+01,8.194301605224609375e+00,7.151279926300048828e+00
4.534440994262695312e+00,2.071031379699707031e+01,8.457012176513671875e+00,7.361953735351562500e+00
4.490035533905029297e+00,2.071031379699707031e+01,8.704845428466796875e+00,7.571338653564453125e+00
4.434069633483886719e+00,2.071031379699707031e+01,9.073130607604980469e+00,7.783480167388916016e+00
4.379741191864013672e+00,2.071031379699707031e+01,9.426981925964355469e+00,7.981469154357910156e+00
4.328258037567138672e+00,2.071031379699707031e+01,9.751090049743652344e+00,8.170713424682617188e+00
4.279127597808837891e+00,2.071031379699707031e+01,1.003633213043212891e+01,8.340951919555664062e+00
4.248101711273193359e+00,2.071031379699707031e+01,1.020588111877441406e+01,8.564544677734375000e+00
4.225670337677001953e+00,2.071031379699707031e+01,1.035957813262939453e+01,8.842326164245605469e+00
4.187570095062255859e+00,2.071031379699707031e+01,1.059708404541015625e+01,9.040309906005859375e+00
4.153751373291015625e+00,2.071031379699707031e+01,1.081712341308593750e+01,9.256576538085937500e+00
4.114697456359863281e+00,2.071031379699707031e+01,1.107520389556884766e+01,9.456335067749023438e+00
4.078809261322021484e+00,2.071031379699707031e+01,1.132119750976562500e+01,9.673832893371582031e+00
4.048914909362792969e+00,2.071031379699707031e+01,1.152672481536865234e+01,9.900243759155273438e+00
4.021368980407714844e+00,2.071031379699707031e+01,1.171820545196533203e+01,1.012705421447753906e+01
3.991313457489013672e+00,2.071031379699707031e+01,1.192220592498779297e+01,1.035113716125488281e+01
3.954957008361816406e+00,2.071031379699707031e+01,1.219502449035644531e+01,1.060927104949951172e+01
3.916357278823852539e+00,2.071031379699707031e+01,1.248379802703857422e+01,1.090694904327392578e+01
3.880020380020141602e+00,2.071031379699707031e+01,1.278097057342529297e+01,1.121880340576171875e+01
3.849748849868774414e+00,2.071031379699707031e+01,1.302804565429687500e+01,1.149754142761230469e+01
5.780802249908447266e+00,2.084022521972656250e+01,1.751921653747558594e+00,1.988100290298461914e+00
5.752943992614746094e+00,2.084022521972656250e+01,2.026819229125976562e+00,2.320779561996459961e+00
5.720405101776123047e+00,2.084022521972656250e+01,2.288602113723754883e+00,2.624664783477783203e+00
5.676828384399414062e+00,2.084022521972656250e+01,2.556205034255981445e+00,2.895289659500122070e+00
5.631600379943847656e+00,2.084022521972656250e+01,2.833871364593505859e+00,3.164202451705932617e+00
5.574277877807617188e+00,2.084022521972656250e+01,3.127257823944091797e+00,3.395055055618286133e+00
5.524174690246582031e+00,2.084022521972656250e+01,3.389626979827880859e+00,3.616897583007812500e+00
5.458702087402343750e+00,2.084022521972656250e+01,3.681429147720336914e+00,3.799641609191894531e+00
5.402932167053222656e+00,2.084022521972656250e+01,3.941441774368286133e+00,3.993247270584106445e+00
5.353306293487548828e+00,2.084022521972656250e+01,4.194776535034179688e+00,4.208408832550048828e+00
5.307566165924072266e+00,2.084022521972656250e+01,4.434438228607177734e+00,4.428497791290283203e+00
5.254151344299316406e+00,2.084022521972656250e+01,4.691838741302490234e+00,4.624600887298583984e+00
5.196033477783203125e+00,2.084022521972656250e+01,4.965006351470947266e+00,4.809843540191650391e+00
5.131213188171386719e+00,2.084022521972656250e+01,5.277645587921142578e+00,4.992215156555175781e+00
5.067364215850830078e+00,2.084022521972656250e+01,5.550006389617919922e+00,5.138898849487304688e+00
4.998886108398437500e+00,2.084022521972656250e+01,5.854718208312988281e+00,5.287903308868408203e+00
4.950948715209960938e+00,2.084022521972656250e+01,6.120544433593750000e+00,5.517201423645019531e+00
4.903457164764404297e+00,2.084022521972656250e+01,6.412117958068847656e+00,5.769549369812011719e+00
4.854643821716308594e+00,2.084022521972656250e+01,6.710832595825195312e+00,6.016274929046630859e+00
4.804223537445068359e+00,2.084022521972656250e+01,6.992871284484863281e+00,6.234784603118896484e+00
4.748317718505859375e+00,2.084022521972656250e+01,7.280343055725097656e+00,6.419506072998046875e+00
4.702064037322998047e+00,2.084022521972656250e+01,7.552346229553222656e+00,6.652004718780517578e+00
4.651978969573974609e+00,2.084022521972656250e+01,7.802112579345703125e+00,6.835042476654052734e+00
4.603504657745361328e+00,2.084022521972656250e+01,8.070655822753906250e+00,7.041622638702392578e+00
4.556574821472167969e+00,2.084022521972656250e+01,8.341333389282226562e+00,7.257943630218505859e+00
4.512368679046630859e+00,2.084022521972656250e+01,8.597799301147460938e+00,7.475658893585205078e+00
4.458345413208007812e+00,2.084022521972656250e+01,8.917169570922851562e+00,7.660557746887207031e+00
4.406523704528808594e+00,2.084022521972656250e+01,9.262307167053222656e+00,7.870976924896240234e+00
4.350633621215820312e+00,2.084022521972656250e+01,9.618350028991699219e+00,8.050744056701660156e+00
4.306801795959472656e+00,2.084022521972656250e+01,9.875390052795410156e+00,8.237883567810058594e+00
4.266727924346923828e+00,2.084022521972656250e+01,1.009250640869140625e+01,8.422406196594238281e+00
4.240456104278564453e+00,2.084022521972656250e+01,1.026102352142333984e+01,8.674859046936035156e+00
4.211702823638916016e+00,2.084022521972656250e+01,1.044188404083251953e+01,8.905604362487792969e+00
4.175435066223144531e+00,2.084022521972656250e+01,1.067332649230957031e+01,9.105971336364746094e+00
4.138568878173828125e+00,2.084022521972656250e+01,1.090961933135986328e+01,9.302868843078613281e+00
4.101588726043701172e+00,2.084022521972656250e+01,1.116057968139648438e+01,9.510264396667480469e+00
4.071231842041015625e+00,2.084022521972656250e+01,1.136771297454833984e+01,9.730031967163085938e+00
4.044491767883300781e+00,2.084022521972656250e+01,1.154892253875732422e+01,9.950337409973144531e+00
4.014829635620117188e+00,2.084022521972656250e+01,1.175539684295654297e+01,1.017090511322021484e+01
3.980349540710449219e+00,2.084022521972656250e+01,1.199861431121826172e+01,1.041190719604492188e+01
3.941624641418457031e+00,2.084022521972656250e+01,1.229214382171630859e+01,1.070111560821533203e+01
3.905635833740234375e+00,2.084022521972656250e+01,1.256579589843750000e+01,1.099055194854736328e+01
3.874955654144287109e+00,2.084022521972656250e+01,1.282796001434326172e+01,1.127660369873046875e+01
5.791341781616210938e+00,2.097013664245605469e+01,1.691206097602844238e+00,1.914414048194885254e+00
5.762876510620117188e+00,2.097013664245605469e+01,1.974731326103210449e+00,2.252962827682495117e+00
5.733798503875732422e+00,2.097013664245605469e+01,2.230999469757080078e+00,2.561088085174560547e+00
5.691239356994628906e+00,2.097013664245605469e+01,2.495712280273437500e+00,2.831175565719604492e+00
5.647692203521728516e+00,2.097013664245605469e+01,2.767860412597656250e+00,3.101016521453857422e+00
5.592490673065185547e+00,2.097013664245605469e+01,3.059823989868164062e+00,3.339517593383789062e+00
5.541422843933105469e+00,2.097013664245605469e+01,3.325751543045043945e+00,3.560852766036987305e+00
5.479444980621337891e+00,2.097013664245605469e+01,3.609408378601074219e+00,3.749411106109619141e+00
5.420673370361328125e+00,2.097013664245605469e+01,3.873552322387695312e+00,3.932625055313110352e+00
5.370134830474853516e+00,2.097013664245605469e+01,4.132039070129394531e+00,4.147133827209472656e+00
5.324561595916748047e+00,2.097013664245605469e+01,4.370759963989257812e+00,4.365440368652343750e+00
5.276610851287841797e+00,2.097013664245605469e+01,4.609455108642578125e+00,4.570456027984619141e+00
5.217249393463134766e+00,2.097013664245605469e+01,4.886399269104003906e+00,4.751439571380615234e+00
5.158583164215087891e+00,2.097013664245605469e+01,5.174809932708740234e+00,4.944402217864990234e+00
5.092772960662841797e+00,2.097013664245605469e+01,5.449354648590087891e+00,5.081093788146972656e+00
5.018765926361083984e+00,2.097013664245605469e+01,5.769200801849365234e+00,5.210739612579345703e+00
4.970859050750732422e+00,2.097013664245605469e+01,6.031293869018554688e+00,5.435113906860351562e+00
4.923904895782470703e+00,2.097013664245605469e+01,6.305357456207275391e+00,5.673940181732177734e+00
4.875769615173339844e+00,2.097013664245605469e+01,6.600164413452148438e+00,5.920449256896972656e+00
4.826171398162841797e+00,2.097013664245605469e+01,6.887509346008300781e+00,6.147305011749267578e+00
4.770475864410400391e+00,2.097013664245605469e+01,7.162437915802001953e+00,6.320737838745117188e+00
4.722544670104980469e+00,2.097013664245605469e+01,7.445162773132324219e+00,6.549598217010498047e+00
4.672855377197265625e+00,2.097013664245605469e+01,7.690011978149414062e+00,6.729214668273925781e+00
4.625563621520996094e+00,2.097013664245605469e+01,7.943356513977050781e+00,6.928886413574218750e+00
4.578521728515625000e+00,2.097013664245605469e+01,8.221709251403808594e+00,7.148534774780273438e+00
4.533884525299072266e+00,2.097013664245605469e+01,8.475806236267089844e+00,7.360291957855224609e+00
4.483388423919677734e+00,2.097013664245605469e+01,8.760536193847656250e+00,7.542348861694335938e+00
4.431677818298339844e+00,2.097013664245605469e+01,9.100416183471679688e+00,7.749724864959716797e+00
4.376947402954101562e+00,2.097013664245605469e+01,9.450933456420898438e+00,7.932832717895507812e+00
4.333399772644042969e+00,2.097013664245605469e+01,9.722028732299804688e+00,8.133211135864257812e+00
4.285126686096191406e+00,2.097013664245605469e+01,9.987218856811523438e+00,8.285418510437011719e+00
4.262063980102539062e+00,2.097013664245605469e+01,1.012691974639892578e+01,8.538257598876953125e+00
4.236242294311523438e+00,2.097013664245605469e+01,1.029039287567138672e+01,8.778457641601562500e+00
4.198192119598388672e+00,2.097013664245605469e+01,1.052370834350585938e+01,8.960550308227539062e+00
4.161398410797119141e+00,2.097013664245605469e+01,1.075880146026611328e+01,9.152979850769042969e+00
4.125662326812744141e+00,2.097013664245605469e+01,1.099185085296630859e+01,9.352571487426757812e+00
4.093555450439453125e+00,2.097013664245605469e+01,1.121139907836914062e+01,9.562522888183593750e+00
4.067453861236572266e+00,2.097013664245605469e+01,1.138338470458984375e+01,9.775910377502441406e+00
4.038573741912841797e+00,2.097013664245605469e+01,1.158353233337402344e+01,9.990202903747558594e+00
4.005195617675781250e+00,2.097013664245605469e+01,1.181602859497070312e+01,1.022238731384277344e+01
3.967124938964843750e+00,2.097013664245605469e+01,1.209517574310302734e+01,1.049432563781738281e+01
3.931292533874511719e+00,2.097013664245605469e+01,1.237334918975830078e+01,1.078403568267822266e+01
3.900130033493041992e+00,2.097013664245605469e+01,1.261798477172851562e+01,1.104823017120361328e+01
5.797627925872802734e+00,2.110034561157226562e+01,1.634769201278686523e+00,1.835520029067993164e+00
5.772663116455078125e+00,2.110034561157226562e+01,1.921229004859924316e+00,2.182953119277954102e+00
5.744041919708251953e+00,2.110034561157226562e+01,2.178300380706787109e+00,2.491825342178344727e+00
5.705444335937500000e+00,2.110034561157226562e+01,2.439146518707275391e+00,2.770431995391845703e+00
5.662238121032714844e+00,2.110034561157226562e+01,2.705354928970336914e+00,3.035135984420776367e+00
5.611365318298339844e+00,2.110034561157226562e+01,2.987818241119384766e+00,3.280822992324829102e+00
5.558507919311523438e+00,2.110034561157226562e+01,3.259325027465820312e+00,3.501085519790649414e+00
5.499672889709472656e+00,2.110034561157226562e+01,3.540639877319335938e+00,3.700031995773315430e+00
5.440561294555664062e+00,2.110034561157226562e+01,3.808951854705810547e+00,3.885022640228271484e+00
5.388133525848388672e+00,2.110034561157226562e+01,4.063269138336181641e+00,4.085266113281250000e+00
5.342068195343017578e+00,2.110034561157226562e+01,4.306151390075683594e+00,4.303899765014648438e+00
5.296476364135742188e+00,2.110034561157226562e+01,4.536768913269042969e+00,4.511866569519042969e+00
5.239611625671386719e+00,2.110034561157226562e+01,4.804964542388916016e+00,4.696276187896728516e+00
5.183139324188232422e+00,2.110034561157226562e+01,5.079988479614257812e+00,4.887837409973144531e+00
5.115545272827148438e+00,2.110034561157226562e+01,5.378768444061279297e+00,5.035993099212646484e+00
5.045415878295898438e+00,2.110034561157226562e+01,5.668578624725341797e+00,5.157531738281250000e+00
4.990994453430175781e+00,2.110034561157226562e+01,5.941217422485351562e+00,5.353548049926757812e+00
4.944400787353515625e+00,2.110034561157226562e+01,6.200285911560058594e+00,5.579675197601318359e+00
4.896718502044677734e+00,2.110034561157226562e+01,6.490632534027099609e+00,5.824326992034912109e+00
4.847310066223144531e+00,2.110034561157226562e+01,6.779757976531982422e+00,6.052429199218750000e+00
4.795418739318847656e+00,2.110034561157226562e+01,7.043340206146240234e+00,6.239194869995117188e+00
4.743119716644287109e+00,2.110034561157226562e+01,7.333520412445068359e+00,6.443751335144042969e+00
4.696310043334960938e+00,2.110034561157226562e+01,7.575088977813720703e+00,6.638937950134277344e+00
4.649838924407958984e+00,2.110034561157226562e+01,7.821595191955566406e+00,6.837196350097656250e+00
4.601109027862548828e+00,2.110034561157226562e+01,8.100875854492187500e+00,7.042983531951904297e+00
4.556629180908203125e+00,2.110034561157226562e+01,8.341242790222167969e+00,7.242939949035644531e+00
4.510281085968017578e+00,2.110034561157226562e+01,8.603507041931152344e+00,7.437860488891601562e+00
4.456717014312744141e+00,2.110034561157226562e+01,8.939918518066406250e+00,7.628615379333496094e+00
4.402475357055664062e+00,2.110034561157226562e+01,9.291285514831542969e+00,7.814558029174804688e+00
4.356781005859375000e+00,2.110034561157226562e+01,9.588233947753906250e+00,8.018201828002929688e+00
4.315474510192871094e+00,2.110034561157226562e+01,9.820020675659179688e+00,8.197009086608886719e+00
4.283983707427978516e+00,2.110034561157226562e+01,9.988777160644531250e+00,8.401907920837402344e+00
4.256917476654052734e+00,2.110034561157226562e+01,1.016116905212402344e+01,8.635503768920898438e+00
4.222618579864501953e+00,2.110034561157226562e+01,1.036568832397460938e+01,8.824645996093750000e+00
4.185647010803222656e+00,2.110034561157226562e+01,1.060017967224121094e+01,9.010453224182128906e+00
4.149225234985351562e+00,2.110034561157226562e+01,1.083257579803466797e+01,9.196904182434082031e+00
4.116195678710937500e+00,2.110034561157226562e+01,1.105147457122802734e+01,9.394014358520507812e+00
4.089049339294433594e+00,2.110034561157226562e+01,1.123631095886230469e+01,9.604069709777832031e+00
4.063237667083740234e+00,2.110034561157226562e+01,1.140192508697509766e+01,9.811743736267089844e+00
4.029664516448974609e+00,2.110034561157226562e+01,1.164071559906005859e+01,1.003729343414306641e+01
3.992622375488281250e+00,2.110034561157226562e+01,1.190319728851318359e+01,1.029600143432617188e+01
3.956578493118286133e+00,2.110034561157226562e+01,1.217834091186523438e+01,1.057353782653808594e+01
3.925524711608886719e+00,2.110034561157226562e+01,1.241659736633300781e+01,1.083015155792236328e+01
5.805843353271484375e+00,2.123015785217285156e+01,1.575726866722106934e+00,1.758969902992248535e+00
5.785004138946533203e+00,2.123015785217285156e+01,1.860287666320800781e+00,2.112083911895751953e+00
5.754978179931640625e+00,2.123015785217285156e+01,2.124569177627563477e+00,2.423748254776000977e+00
5.721706390380859375e+00,2.123015785217285156e+01,2.376345396041870117e+00,2.709828138351440430e+00
5.676885128021240234e+00,2.123015785217285156e+01,2.642935991287231445e+00,2.969265937805175781e+00
5.629694938659667969e+00,2.123015785217285156e+01,2.916574478149414062e+00,3.220168590545654297e+00
5.575922966003417969e+00,2.123015785217285156e+01,3.192894697189331055e+00,3.442131042480468750e+00
5.521041393280029297e+00,2.123015785217285156e+01,3.465627908706665039e+00,3.649166345596313477e+00
5.460157871246337891e+00,2.123015785217285156e+01,3.744198083877563477e+00,3.835400104522705078e+00
5.406076431274414062e+00,2.123015785217285156e+01,3.992929935455322266e+00,4.021272659301757812e+00
5.360160827636718750e+00,2.123015785217285156e+01,4.237685680389404297e+00,4.241301059722900391e+00
5.314744472503662109e+00,2.123015785217285156e+01,4.468660831451416016e+00,4.449194908142089844e+00
5.262361526489257812e+00,2.123015785217285156e+01,4.721734046936035156e+00,4.641196727752685547e+00
5.204259395599365234e+00,2.123015785217285156e+01,4.993100166320800781e+00,4.819027423858642578e+00
5.146295547485351562e+00,2.123015785217285156e+01,5.275519847869873047e+00,5.005193233489990234e+00
5.076813697814941406e+00,2.123015785217285156e+01,5.550249576568603516e+00,5.115200042724609375e+00
5.010989665985107422e+00,2.123015785217285156e+01,5.856153488159179688e+00,5.275557518005371094e+00
4.963862419128417969e+00,2.123015785217285156e+01,6.110852718353271484e+00,5.493174076080322266e+00
4.916821479797363281e+00,2.123015785217285156e+01,6.384505748748779297e+00,5.725487232208251953e+00
4.868550300598144531e+00,2.123015785217285156e+01,6.671166419982910156e+00,5.957501888275146484e+00
4.818520069122314453e+00,2.123015785217285156e+01,6.937236785888671875e+00,6.156651020050048828e+00
4.764296054840087891e+00,2.123015785217285156e+01,7.220843315124511719e+00,6.341188430786132812e+00
4.718225002288818359e+00,2.123015785217285156e+01,7.477888107299804688e+00,6.553479194641113281e+00
4.670083522796630859e+00,2.123015785217285156e+01,7.718144893646240234e+00,6.732701301574707031e+00
4.624063968658447266e+00,2.123015785217285156e+01,7.974041461944580078e+00,6.935200691223144531e+00
4.576792716979980469e+00,2.123015785217285156e+01,8.236778259277343750e+00,7.131897449493408203e+00
4.535138607025146484e+00,2.123015785217285156e+01,8.478388786315917969e+00,7.344279766082763672e+00
4.481538772583007812e+00,2.123015785217285156e+01,8.787151336669921875e+00,7.511756420135498047e+00
4.427533149719238281e+00,2.123015785217285156e+01,9.129746437072753906e+00,7.691198348999023438e+00
4.379305839538574219e+00,2.123015785217285156e+01,9.450929641723632812e+00,7.893267154693603516e+00
4.343410968780517578e+00,2.123015785217285156e+01,9.666506767272949219e+00,8.100553512573242188e+00
4.298948287963867188e+00,2.123015785217285156e+01,9.899920463562011719e+00,8.249444961547851562e+00
4.276719093322753906e+00,2.123015785217285156e+01,1.003513813018798828e+01,8.488949775695800781e+00
4.246597766876220703e+00,2.123015785217285156e+01,1.022064590454101562e+01,8.695906639099121094e+00
4.209000110626220703e+00,2.123015785217285156e+01,1.044648742675781250e+01,8.864404678344726562e+00
4.172403812408447266e+00,2.123015785217285156e+01,1.067900276184082031e+01,9.043167114257812500e+00
4.139200687408447266e+00,2.123015785217285156e+01,1.089162063598632812e+01,9.229380607604980469e+00
4.111570835113525391e+00,2.123015785217285156e+01,1.107854843139648438e+01,9.432548522949218750e+00
4.085769653320312500e+00,2.123015785217285156e+01,1.124991893768310547e+01,9.637696266174316406e+00
4.054577827453613281e+00,2.123015785217285156e+01,1.145855331420898438e+01,9.851809501647949219e+00
4.017671585083007812e+00,2.123015785217285156e+01,1.172207736968994141e+01,1.010425186157226562e+01
3.981934309005737305e+00,2.123015785217285156e+01,1.197692966461181641e+01,1.036092376708984375e+01
3.950819253921508789e+00,2.123015785217285156e+01,1.222903919219970703e+01,1.062538909912109375e+01
5.812041282653808594e+00,2.136036491394042969e+01,1.518849015235900879e+00,1.680428266525268555e+00
5.796663284301757812e+00,2.136036491394042969e+01,1.798978209495544434e+00,2.038954973220825195e+00
5.767331600189208984e+00,2.136036491394042969e+01,2.066670656204223633e+00,2.355517148971557617e+00
5.736576080322265625e+00,2.136036491394042969e+01,2.315816640853881836e+00,2.646403551101684570e+00
5.692121028900146484e+00,2.136036491394042969e+01,2.580320358276367188e+00,2.904947757720947266e+00
5.647072792053222656e+00,2.136036491394042969e+01,2.850130796432495117e+00,3.160399198532104492e+00
5.593312263488769531e+00,2.136036491394042969e+01,3.129791736602783203e+00,3.386079788208007812e+00
5.543718338012695312e+00,2.136036491394042969e+01,3.385684967041015625e+00,3.598749876022338867e+00
5.481471061706542969e+00,2.136036491394042969e+01,3.670329332351684570e+00,3.783988952636718750e+00
5.424975395202636719e+00,2.136036491394042969e+01,3.926207780838012695e+00,3.965135097503662109e+00
5.378586769104003906e+00,2.136036491394042969e+01,4.167439937591552734e+00,4.178589344024658203e+00
5.332755088806152344e+00,2.136036491394042969e+01,4.401624202728271484e+00,4.386072158813476562e+00
5.285052299499511719e+00,2.136036491394042969e+01,4.638704299926757812e+00,4.585655212402343750e+00
5.226489067077636719e+00,2.136036491394042969e+01,4.907428741455078125e+00,4.757296085357666016e+00
5.172067165374755859e+00,2.136036491394042969e+01,5.181445121765136719e+00,4.954920768737792969e+00
5.105086326599121094e+00,2.136036491394042969e+01,5.442100048065185547e+00,5.064474582672119141e+00
5.031457424163818359e+00,2.136036491394042969e+01,5.771306514739990234e+00,5.200424671173095703e+00
4.983979225158691406e+00,2.136036491394042969e+01,6.022270679473876953e+00,5.411079883575439453e+00
4.937484264373779297e+00,2.136036491394042969e+01,6.278728008270263672e+00,5.630058288574218750e+00
4.890014648437500000e+00,2.136036491394042969e+01,6.562092781066894531e+00,5.863317966461181641e+00
4.841113090515136719e+00,2.136036491394042969e+01,6.832437992095947266e+00,6.071945667266845703e+00
4.787281513214111328e+00,2.136036491394042969e+01,7.102640151977539062e+00,6.245985507965087891e+00
4.738375186920166016e+00,2.136036491394042969e+01,7.374419212341308594e+00,6.450016021728515625e+00
4.692621231079101562e+00,2.136036491394042969e+01,7.605845928192138672e+00,6.636541366577148438e+00
4.646725654602050781e+00,2.136036491394042969e+01,7.846667289733886719e+00,6.825098514556884766e+00
4.599375724792480469e+00,2.136036491394042969e+01,8.121329307556152344e+00,7.029449462890625000e+00
4.558804512023925781e+00,2.136036491394042969e+01,8.341548919677734375e+00,7.230824470520019531e+00
4.505231857299804688e+00,2.136036491394042969e+01,8.650905609130859375e+00,7.399313926696777344e+00
4.455125331878662109e+00,2.136036491394042969e+01,8.956601142883300781e+00,7.577663898468017578e+00
4.403874397277832031e+00,2.136036491394042969e+01,9.293098449707031250e+00,7.767980098724365234e+00
4.366571903228759766e+00,2.136036491394042969e+01,9.533372879028320312e+00,7.982879161834716797e+00
4.325249195098876953e+00,2.136036491394042969e+01,9.753209114074707031e+00,8.142770767211914062e+00
4.303063869476318359e+00,2.136036491394042969e+01,9.876219749450683594e+00,8.371273040771484375e+00
4.268037796020507812e+00,2.136036491394042969e+01,1.008672142028808594e+01,8.554608345031738281e+00
4.232297897338867188e+00,2.136036491394042969e+01,1.029959106445312500e+01,8.724524497985839844e+00
4.196091175079345703e+00,2.136036491394042969e+01,1.052226066589355469e+01,8.892943382263183594e+00
4.162734508514404297e+00,2.136036491394042969e+01,1.073657703399658203e+01,9.073996543884277344e+00
4.133968830108642578e+00,2.136036491394042969e+01,1.091964530944824219e+01,9.258826255798339844e+00
4.108653068542480469e+00,2.136036491394042969e+01,1.109271621704101562e+01,9.463484764099121094e+00
4.079192638397216797e+00,2.136036491394042969e+01,1.128725051879882812e+01,9.673218727111816406e+00
4.042778968811035156e+00,2.136036491394042969e+01,1.153883457183837891e+01,9.912123680114746094e+00
4.007382392883300781e+00,2.136036491394042969e+01,1.179856777191162109e+01,1.017030429840087891e+01
3.975916862487792969e+00,2.136036491394042969e+01,1.202813339233398438e+01,1.040823841094970703e+01
5.820119857788085938e+00,2.149057388305664062e+01,1.454214692115783691e+00,1.598382353782653809e+00
5.807638645172119141e+00,2.149057388305664062e+01,1.739756464958190918e+00,1.966593980789184570e+00
5.780395507812500000e+00,2.149057388305664062e+01,2.006434917449951172e+00,2.286440610885620117e+00
5.749920368194580078e+00,2.149057388305664062e+01,2.257852315902709961e+00,2.580387353897094727e+00
5.708423137664794922e+00,2.149057388305664062e+01,2.512990474700927734e+00,2.838853836059570312e+00
5.664601325988769531e+00,2.149057388305664062e+01,2.781175136566162109e+00,3.098083972930908203e+00
5.612311363220214844e+00,2.149057388305664062e+01,3.061646461486816406e+00,3.330965518951416016e+00
5.562068939208984375e+00,2.149057388305664062e+01,3.318565368652343750e+00,3.542010545730590820e+00
5.502480506896972656e+00,2.149057388305664062e+01,3.595107078552246094e+00,3.729580879211425781e+00
5.443678379058837891e+00,2.149057388305664062e+01,3.855850458145141602e+00,3.904096603393554688e+00
5.394708156585693359e+00,2.149057388305664062e+01,4.106270790100097656e+00,4.113086700439453125e+00
5.350462436676025391e+00,2.149057388305664062e+01,4.336859703063964844e+00,4.323508739471435547e+00
5.304823398590087891e+00,2.149057388305664062e+01,4.563755512237548828e+00,4.522234916687011719e+00
5.249281406402587891e+00,2.149057388305664062e+01,4.825930595397949219e+00,4.702305793762207031e+00
5.193098545074462891e+00,2.149057388305664062e+01,5.097866058349609375e+00,4.887219429016113281e+00
5.129757881164550781e+00,2.149057388305664062e+01,5.352826595306396484e+00,5.011163711547851562e+00
5.055412292480468750e+00,2.149057388305664062e+01,5.662841320037841797e+00,5.123400688171386719e+00
5.004599094390869141e+00,2.149057388305664062e+01,5.932637691497802734e+00,5.330914497375488281e+00
4.958622932434082031e+00,2.149057388305664062e+01,6.180959701538085938e+00,5.544201374053955078e+00
4.911490440368652344e+00,2.149057388305664062e+01,6.451555252075195312e+00,5.767335414886474609e+00
4.862732410430908203e+00,2.149057388305664062e+01,6.729434967041015625e+00,5.982591152191162109e+00
4.811816215515136719e+00,2.149057388305664062e+01,6.980901241302490234e+00,6.157369136810302734e+00
4.760173797607421875e+00,2.149057388305664062e+01,7.263569355010986328e+00,6.351289749145507812e+00
4.716731548309326172e+00,2.149057388305664062e+01,7.483105659484863281e+00,6.541865348815917969e+00
4.670626163482666016e+00,2.149057388305664062e+01,7.724432468414306641e+00,6.728672504425048828e+00
4.622561931610107422e+00,2.149057388305664062e+01,7.997226238250732422e+00,6.924243450164794922e+00
4.579922676086425781e+00,2.149057388305664062e+01,8.223235130310058594e+00,7.114192485809326172e+00
4.532045841217041016e+00,2.149057388305664062e+01,8.495903968811035156e+00,7.293863773345947266e+00
4.480116367340087891e+00,2.149057388305664062e+01,8.806142807006835938e+00,7.463003635406494141e+00
4.425674438476562500e+00,2.149057388305664062e+01,9.146450996398925781e+00,7.630432128906250000e+00
4.388698577880859375e+00,2.149057388305664062e+01,9.405152320861816406e+00,7.860825061798095703e+00
4.354794025421142578e+00,2.149057388305664062e+01,9.591805458068847656e+00,8.050897598266601562e+00
4.316852092742919922e+00,2.149057388305664062e+01,9.791796684265136719e+00,8.212117195129394531e+00
4.291388988494873047e+00,2.149057388305664062e+01,9.941639900207519531e+00,8.420355796813964844e+00
4.254780769348144531e+00,2.149057388305664062e+01,1.015937137603759766e+01,8.583807945251464844e+00
4.220279693603515625e+00,2.149057388305664062e+01,1.036608505249023438e+01,8.749046325683593750e+00
4.185821533203125000e+00,2.149057388305664062e+01,1.058214092254638672e+01,8.915800094604492188e+00
4.156458377838134766e+00,2.149057388305664062e+01,1.077248001098632812e+01,9.096523284912109375e+00
4.131848335266113281e+00,2.149057388305664062e+01,1.092896556854248047e+01,9.287908554077148438e+00
4.103146076202392578e+00,2.149057388305664062e+01,1.112375450134277344e+01,9.496819496154785156e+00
4.068202972412109375e+00,2.149057388305664062e+01,1.135784149169921875e+01,9.725852012634277344e+00
4.032649993896484375e+00,2.149057388305664062e+01,1.161182785034179688e+01,9.971382141113281250e+00
4.001253128051757812e+00,2.149057388305664062e+01,1.184042930603027344e+01,1.020680046081542969e+01
5.817706108093261719e+00,2.162038612365722656e+01,1.677255153656005859e+00,1.888482332229614258e+00
5.791004657745361328e+00,2.162038612365722656e+01,1.951867222785949707e+00,2.216059207916259766e+00
5.761813640594482422e+00,2.162038612365722656e+01,2.201456308364868164e+00,2.511103630065917969e+00
5.723194122314453125e+00,2.162038612365722656e+01,2.454051971435546875e+00,2.775910377502441406e+00
5.680840492248535156e+00,2.162038612365722656e+01,2.714169979095458984e+00,3.032247781753540039e+00
5.631057262420654297e+00,2.162038612365722656e+01,2.989080667495727539e+00,3.269277334213256836e+00
5.579874038696289062e+00,2.162038612365722656e+01,3.250460624694824219e+00,3.481307029724121094e+00
5.522182464599609375e+00,2.162038612365722656e+01,3.526745080947875977e+00,3.676098585128784180e+00
5.465232372283935547e+00,2.162038612365722656e+01,3.787481784820556641e+00,3.858107089996337891e+00
5.412874221801757812e+00,2.162038612365722656e+01,4.036897182464599609e+00,4.049006938934326172e+00
5.368631839752197266e+00,2.162038612365722656e+01,4.271092891693115234e+00,4.262248992919921875e+00
5.323640823364257812e+00,2.162038612365722656e+01,4.494444370269775391e+00,4.459431648254394531e+00
5.272913455963134766e+00,2.162038612365722656e+01,4.741366863250732422e+00,4.648571968078613281e+00
5.214644432067871094e+00,2.162038612365722656e+01,5.012466430664062500e+00,4.820080280303955078e+00
5.160767555236816406e+00,2.162038612365722656e+01,5.269710540771484375e+00,4.999236583709716797e+00
5.087539196014404297e+00,2.162038612365722656e+01,5.540525913238525391e+00,5.078857421875000000e+00
5.025030136108398438e+00,2.162038612365722656e+01,5.847364902496337891e+00,5.253277778625488281e+00
4.978700160980224609e+00,2.162038612365722656e+01,6.091455936431884766e+00,5.459437370300292969e+00
4.932130813598632812e+00,2.162038612365722656e+01,6.344851493835449219e+00,5.669540405273437500e+00
4.884468555450439453e+00,2.162038612365722656e+01,6.621358871459960938e+00,5.889522075653076172e+00
4.835548400878906250e+00,2.162038612365722656e+01,6.869897365570068359e+00,6.072971343994140625e+00
4.783431053161621094e+00,2.162038612365722656e+01,7.147749423980712891e+00,6.258043766021728516e+00
4.736674785614013672e+00,2.162038612365722656e+01,7.391478538513183594e+00,6.445988655090332031e+00
4.690851211547851562e+00,2.162038612365722656e+01,7.629429817199707031e+00,6.630258083343505859e+00
4.646446704864501953e+00,2.162038612365722656e+01,7.866662502288818359e+00,6.818319797515869141e+00
4.598949432373046875e+00,2.162038612365722656e+01,8.131842613220214844e+00,7.005194664001464844e+00
4.561194419860839844e+00,2.162038612365722656e+01,8.339978218078613281e+00,7.204020023345947266e+00
4.503933906555175781e+00,2.162038612365722656e+01,8.670029640197753906e+00,7.351459026336669922e+00
4.451117515563964844e+00,2.162038612365722656e+01,8.978880882263183594e+00,7.502874851226806641e+00
4.412085533142089844e+00,2.162038612365722656e+01,9.257528305053710938e+00,7.732718944549560547e+00
4.381174087524414062e+00,2.162038612365722656e+01,9.453603744506835938e+00,7.952848434448242188e+00
4.337659835815429688e+00,2.162038612365722656e+01,9.670315742492675781e+00,8.080414772033691406e+00
4.313424110412597656e+00,2.162038612365722656e+01,9.810421943664550781e+00,8.287613868713378906e+00
4.279272556304931641e+00,2.162038612365722656e+01,1.000963211059570312e+01,8.452874183654785156e+00
4.243385791778564453e+00,2.162038612365722656e+01,1.022299098968505859e+01,8.607096672058105469e+00
4.209519386291503906e+00,2.162038612365722656e+01,1.042422389984130859e+01,8.760742187500000000e+00
4.179470062255859375e+00,2.162038612365722656e+01,1.061894035339355469e+01,8.933209419250488281e+00
4.153878211975097656e+00,2.162038612365722656e+01,1.078441429138183594e+01,9.118314743041992188e+00
4.127622604370117188e+00,2.162038612365722656e+01,1.095389556884765625e+01,9.320094108581542969e+00
4.093317031860351562e+00,2.162038612365722656e+01,1.118564224243164062e+01,9.543510437011718750e+00
4.058207035064697266e+00,2.162038612365722656e+01,1.142127609252929688e+01,9.772082328796386719e+00
4.026506423950195312e+00,2.162038612365722656e+01,1.166321277618408203e+01,1.001511955261230469e+01
5.825240135192871094e+00,2.175059318542480469e+01,1.617094993591308594e+00,1.807141184806823730e+00
5.802357673645019531e+00,2.175059318542480469e+01,1.894535779953002930e+00,2.144951105117797852e+00
5.773236751556396484e+00,2.175059318542480469e+01,2.146143674850463867e+00,2.441317319869995117e+00
5.739097118377685547e+00,2.175059318542480469e+01,2.392450332641601562e+00,2.713738918304443359e+00
5.695960044860839844e+00,2.175059318542480469e+01,2.649709939956665039e+00,2.964183330535888672e+00
5.649345874786376953e+00,2.175059318542480469e+01,2.916972398757934570e+00,3.205652713775634766e+00
5.597702503204345703e+00,2.175059318542480469e+01,3.183828353881835938e+00,3.421819448471069336e+00
5.544743061065673828e+00,2.175059318542480469e+01,3.448406457901000977e+00,3.625099182128906250e+00
5.485903263092041016e+00,2.175059318542480469e+01,3.720703125000000000e+00,3.809266328811645508e+00
5.431806564331054688e+00,2.175059318542480469e+01,3.965482473373413086e+00,3.986316680908203125e+00
5.386641502380371094e+00,2.175059318542480469e+01,4.202936172485351562e+00,4.197432518005371094e+00
5.342682361602783203e+00,2.175059318542480469e+01,4.424702167510986328e+00,4.397117137908935547e+00
5.293772697448730469e+00,2.175059318542480469e+01,4.662964344024658203e+00,4.586036682128906250e+00
5.237081527709960938e+00,2.175059318542480469e+01,4.923151493072509766e+00,4.753822803497314453e+00
5.183397769927978516e+00,2.175059318542480469e+01,5.184287548065185547e+00,4.937702178955078125e+00
5.117992877960205078e+00,2.175059318542480469e+01,5.429895401000976562e+00,5.035628318786621094e+00
5.048665046691894531e+00,2.175059318542480469e+01,5.745500087738037109e+00,5.178740501403808594e+00
4.998979568481445312e+00,2.175059318542480469e+01,6.003691196441650391e+00,5.377460479736328125e+00
4.952929973602294922e+00,2.175059318542480469e+01,6.248578071594238281e+00,5.581573486328125000e+00
4.906263351440429688e+00,2.175059318542480469e+01,6.512416839599609375e+00,5.795230865478515625e+00
4.858050823211669922e+00,2.175059318542480469e+01,6.771916866302490234e+00,5.991588115692138672e+00
4.806539535522460938e+00,2.175059318542480469e+01,7.030666351318359375e+00,6.162802219390869141e+00
4.757104873657226562e+00,2.175059318542480469e+01,7.293277740478515625e+00,6.347569942474365234e+00
4.713377475738525391e+00,2.175059318542480469e+01,7.515358924865722656e+00,6.531041145324707031e+00
4.668814182281494141e+00,2.175059318542480469e+01,7.748483657836914062e+00,6.713109970092773438e+00
4.622053623199462891e+00,2.175059318542480469e+01,8.010999679565429688e+00,6.900989532470703125e+00
4.582671165466308594e+00,2.175059318542480469e+01,8.219425201416015625e+00,7.087678432464599609e+00
4.529191017150878906e+00,2.175059318542480469e+01,8.524943351745605469e+00,7.241956233978271484e+00
4.478672027587890625e+00,2.175059318542480469e+01,8.822200775146484375e+00,7.400218486785888672e+00
4.430360794067382812e+00,2.175059318542480469e+01,9.135147094726562500e+00,7.587664604187011719e+00
4.400374412536621094e+00,2.175059318542480469e+01,9.336661338806152344e+00,7.815338134765625000e+00
4.368929386138916016e+00,2.175059318542480469e+01,9.499223709106445312e+00,7.991377353668212891e+00
4.335010528564453125e+00,2.175059318542480469e+01,9.684192657470703125e+00,8.155877113342285156e+00
4.303040981292724609e+00,2.175059318542480469e+01,9.865110397338867188e+00,8.320951461791992188e+00
4.266733646392822266e+00,2.175059318542480469e+01,1.007732391357421875e+01,8.465901374816894531e+00
4.233234882354736328e+00,2.175059318542480469e+01,1.027780151367187500e+01,8.615862846374511719e+00
4.202292919158935547e+00,2.175059318542480469e+01,1.046402549743652344e+01,8.768217086791992188e+00
4.176512718200683594e+00,2.175059318542480469e+01,1.063527488708496094e+01,8.950305938720703125e+00
4.151114463806152344e+00,2.175059318542480469e+01,1.079720687866210938e+01,9.145365715026855469e+00
4.118545055389404297e+00,2.175059318542480469e+01,1.101185798645019531e+01,9.361669540405273438e+00
4.083932876586914062e+00,2.175059318542480469e+01,1.125050544738769531e+01,9.591418266296386719e+00
4.051900863647460938e+00,2.175059318542480469e+01,1.146879959106445312e+01,9.807653427124023438e+00
5.831795692443847656e+00,2.188060569763183594e+01,1.557895660400390625e+00,1.725423097610473633e+00
5.815011978149414062e+00,2.188060569763183594e+01,1.830174446105957031e+00,2.069809913635253906e+00
5.785278320312500000e+00,2.188060569763183594e+01,2.089515924453735352e+00,2.371932029724121094e+00
5.754306316375732422e+00,2.188060569763183594e+01,2.330617189407348633e+00,2.648542404174804688e+00
5.711151123046875000e+00,2.188060569763183594e+01,2.588043212890625000e+00,2.898989915847778320e+00
5.666449069976806641e+00,2.188060569763183594e+01,2.850419282913208008e+00,3.142818689346313477e+00
5.615231513977050781e+00,2.188060569763183594e+01,3.119741678237915039e+00,3.363303184509277344e+00
5.567039489746093750e+00,2.188060569763183594e+01,3.368642091751098633e+00,3.571058034896850586e+00
5.506913661956787109e+00,2.188060569763183594e+01,3.645831108093261719e+00,3.753513574600219727e+00
5.450436592102050781e+00,2.188060569763183594e+01,3.898698806762695312e+00,3.926637411117553711e+00
5.404460430145263672e+00,2.188060569763183594e+01,4.133957386016845703e+00,4.130616188049316406e+00
5.361024379730224609e+00,2.188060569763183594e+01,4.358243942260742188e+00,4.334410190582275391e+00
5.314189910888671875e+00,2.188060569763183594e+01,4.586461067199707031e+00,4.523011207580566406e+00
5.260955810546875000e+00,2.188060569763183594e+01,4.838125705718994141e+00,4.699617862701416016e+00
5.204717159271240234e+00,2.188060569763183594e+01,5.105162620544433594e+00,4.873969554901123047e+00
5.148139476776123047e+00,2.188060569763183594e+01,5.320746898651123047e+00,4.992311477661132812e+00
5.073292255401611328e+00,2.188060569763183594e+01,5.636341571807861328e+00,5.103067398071289062e+00
5.019943714141845703e+00,2.188060569763183594e+01,5.914898395538330078e+00,5.298392772674560547e+00
4.974418640136718750e+00,2.188060569763183594e+01,6.155348300933837891e+00,5.500423431396484375e+00
4.928174018859863281e+00,2.188060569763183594e+01,6.402009010314941406e+00,5.700042724609375000e+00
4.880211830139160156e+00,2.188060569763183594e+01,6.669647693634033203e+00,5.904385566711425781e+00
4.831438064575195312e+00,2.188060569763183594e+01,6.909165382385253906e+00,6.074914455413818359e+00
4.780621051788330078e+00,2.188060569763183594e+01,7.182257175445556641e+00,6.258582592010498047e+00
4.738433361053466797e+00,2.188060569763183594e+01,7.386834621429443359e+00,6.436005115509033203e+00
4.691978931427001953e+00,2.188060569763183594e+01,7.634758949279785156e+00,6.617410659790039062e+00
4.645781993865966797e+00,2.188060569763183594e+01,7.883683681488037109e+00,6.795904636383056641e+00
4.601834297180175781e+00,2.188060569763183594e+01,8.123456954956054688e+00,6.975589275360107422e+00
4.556843280792236328e+00,2.188060569763183594e+01,8.369052886962890625e+00,7.140172481536865234e+00
4.502716064453125000e+00,2.188060569763183594e+01,8.683910369873046875e+00,7.287040710449218750e+00
4.450892448425292969e+00,2.188060569763183594e+01,8.990316390991210938e+00,7.440517902374267578e+00
4.425179958343505859e+00,2.188060569763183594e+01,9.195759773254394531e+00,7.702097415924072266e+00
4.391921520233154297e+00,2.188060569763183594e+01,9.379060745239257812e+00,7.879406452178955078e+00
4.354781627655029297e+00,2.188060569763183594e+01,9.566064834594726562e+00,8.016874313354492188e+00
4.325014114379882812e+00,2.188060569763183594e+01,9.736160278320312500e+00,8.187369346618652344e+00
4.291083812713623047e+00,2.188060569763183594e+01,9.926207542419433594e+00,8.329070091247558594e+00
4.256834506988525391e+00,2.188060569763183594e+01,1.013013172149658203e+01,8.469792366027832031e+00
4.225996017456054688e+00,2.188060569763183594e+01,1.031624317169189453e+01,8.616963386535644531e+00
4.198939800262451172e+00,2.188060569763183594e+01,1.048317337036132812e+01,8.778570175170898438e+00
4.174276828765869141e+00,2.188060569763183594e+01,1.064629364013671875e+01,8.973031044006347656e+00
4.144031524658203125e+00,2.188060569763183594e+01,1.083988380432128906e+01,9.183764457702636719e+00
4.109597206115722656e+00,2.188060569763183594e+01,1.107046222686767578e+01,9.401364326477050781e+00
4.077865600585937500e+00,2.188060569763183594e+01,1.129024982452392578e+01,9.618848800659179688e+00
5.839743614196777344e+00,2.201081275939941406e+01,1.495626807212829590e+00,1.644269347190856934e+00
5.826172828674316406e+00,2.201081275939941406e+01,1.769825458526611328e+00,1.995270013809204102e+00
5.799060821533203125e+00,2.201081275939941406e+01,2.027060747146606445e+00,2.301213264465332031e+00
5.768300533294677734e+00,2.201081275939941406e+01,2.271231889724731445e+00,2.581686496734619141e+00
5.727746486663818359e+00,2.201081275939941406e+01,2.518573999404907227e+00,2.830069065093994141e+00
5.684768199920654297e+00,2.201081275939941406e+01,2.779431104660034180e+00,3.079714059829711914e+00
5.634146213531494141e+00,2.201081275939941406e+01,3.050930738449096680e+00,3.305053949356079102e+00
5.585782527923583984e+00,2.201081275939941406e+01,3.299421787261962891e+00,3.511790752410888672e+00
5.527917385101318359e+00,2.201081275939941406e+01,3.570314645767211914e+00,3.697001934051513672e+00
5.469975471496582031e+00,2.201081275939941406e+01,3.826158046722412109e+00,3.865221023559570312e+00
5.421604156494140625e+00,2.201081275939941406e+01,4.070800304412841797e+00,4.066155910491943359e+00
5.378598690032958984e+00,2.201081275939941406e+01,4.295377254486083984e+00,4.271391391754150391e+00
5.334316253662109375e+00,2.201081275939941406e+01,4.512194633483886719e+00,4.460494995117187500e+00
5.282833576202392578e+00,2.201081275939941406e+01,4.758837699890136719e+00,4.639857292175292969e+00
5.227124214172363281e+00,2.201081275939941406e+01,5.020364284515380859e+00,4.810338497161865234e+00
5.170401573181152344e+00,2.201081275939941406e+01,5.263901233673095703e+00,4.954077720642089844e+00
5.101093292236328125e+00,2.201081275939941406e+01,5.525929450988769531e+00,5.043344020843505859e+00
5.043347835540771484e+00,2.201081275939941406e+01,5.815080642700195312e+00,5.222880363464355469e+00
4.995198249816894531e+00,2.201081275939941406e+01,6.064924716949462891e+00,5.417443752288818359e+00
4.949255943298339844e+00,2.201081275939941406e+01,6.303284168243408203e+00,5.610242843627929688e+00
4.902420520782470703e+00,2.201081275939941406e+01,6.561017036437988281e+00,5.811700820922851562e+00
4.854845523834228516e+00,2.201081275939941406e+01,6.801271438598632812e+00,5.989732265472412109e+00
4.804362773895263672e+00,2.201081275939941406e+01,7.065431594848632812e+00,6.166196346282958984e+00
4.757600784301757812e+00,2.201081275939941406e+01,7.301315307617187500e+00,6.339045524597167969e+00
4.713328361511230469e+00,2.201081275939941406e+01,7.532061576843261719e+00,6.518723487854003906e+00
4.669130325317382812e+00,2.201081275939941406e+01,7.764267444610595703e+00,6.694980144500732422e+00
4.622920036315917969e+00,2.201081275939941406e+01,8.016631126403808594e+00,6.868205070495605469e+00
4.585440635681152344e+00,2.201081275939941406e+01,8.216856002807617188e+00,7.048112869262695312e+00
4.528450965881347656e+00,2.201081275939941406e+01,8.540325164794921875e+00,7.181805133819580078e+00
4.477049827575683594e+00,2.201081275939941406e+01,8.841206550598144531e+00,7.331517219543457031e+00
4.443736076354980469e+00,2.201081275939941406e+01,9.069930076599121094e+00,7.554435729980468750e+00
4.414223194122314453e+00,2.201081275939941406e+01,9.253817558288574219e+00,7.757673740386962891e+00
4.380107879638671875e+00,2.201081275939941406e+01,9.421565055847167969e+00,7.900443077087402344e+00
4.347531795501708984e+00,2.201081275939941406e+01,9.603836059570312500e+00,8.055325508117675781e+00
4.314388751983642578e+00,2.201081275939941406e+01,9.790795326232910156e+00,8.197445869445800781e+00
4.280786514282226562e+00,2.201081275939941406e+01,9.979756355285644531e+00,8.325543403625488281e+00
4.249363422393798828e+00,2.201081275939941406e+01,1.016928958892822266e+01,8.464334487915039062e+00
4.222012042999267578e+00,2.201081275939941406e+01,1.033677577972412109e+01,8.617960929870605469e+00
4.197557926177978516e+00,2.201081275939941406e+01,1.049096679687500000e+01,8.799321174621582031e+00
4.168529033660888672e+00,2.201081275939941406e+01,1.067985725402832031e+01,9.008068084716796875e+00
4.135545253753662109e+00,2.201081275939941406e+01,1.089158439636230469e+01,9.216347694396972656e+00
4.103680610656738281e+00,2.201081275939941406e+01,1.111446285247802734e+01,9.431511878967285156e+00
5.837403297424316406e+00,2.214082336425781250e+01,1.706829905509948730e+00,1.918250679969787598e+00
5.810984611511230469e+00,2.214082336425781250e+01,1.968570232391357422e+00,2.229067325592041016e+00
5.782384395599365234e+00,2.214082336425781250e+01,2.210556507110595703e+00,2.513516902923583984e+00
5.743353366851806641e+00,2.214082336425781250e+01,2.456375122070312500e+00,2.765103101730346680e+00
5.702193260192871094e+00,2.214082336425781250e+01,2.709900856018066406e+00,3.014157056808471680e+00
5.653621196746826172e+00,2.214082336425781250e+01,2.976779222488403320e+00,3.242950916290283203e+00
5.603986740112304688e+00,2.214082336425781250e+01,3.230332851409912109e+00,3.449692010879516602e+00
5.548741340637207031e+00,2.214082336425781250e+01,3.497886896133422852e+00,3.642636060714721680e+00
5.493531227111816406e+00,2.214082336425781250e+01,3.755393028259277344e+00,3.824212312698364258e+00
5.440779685974121094e+00,2.214082336425781250e+01,3.999554634094238281e+00,4.003150939941406250e+00
5.395758628845214844e+00,2.214082336425781250e+01,4.233613967895507812e+00,4.207046508789062500e+00
5.353783130645751953e+00,2.214082336425781250e+01,4.442144870758056641e+00,4.398615360260009766e+00
5.303939342498779297e+00,2.214082336425781250e+01,4.680506229400634766e+00,4.577062606811523438e+00
5.249950408935546875e+00,2.214082336425781250e+01,4.932773590087890625e+00,4.746006965637207031e+00
5.195941448211669922e+00,2.214082336425781250e+01,5.176568984985351562e+00,4.904955863952636719e+00
5.132375717163085938e+00,2.214082336425781250e+01,5.410748004913330078e+00,4.998132705688476562e+00
5.068022251129150391e+00,2.214082336425781250e+01,5.709206581115722656e+00,5.148981571197509766e+00
5.015930175781250000e+00,2.214082336425781250e+01,5.976667404174804688e+00,5.336050033569335938e+00
4.970371246337890625e+00,2.214082336425781250e+01,6.212940692901611328e+00,5.528039455413818359e+00
4.924530506134033203e+00,2.214082336425781250e+01,6.452177047729492188e+00,5.717806339263916016e+00
4.876801490783691406e+00,2.214082336425781250e+01,6.708780765533447266e+00,5.908225059509277344e+00
4.827663421630859375e+00,2.214082336425781250e+01,6.948957443237304688e+00,6.071233272552490234e+00
4.779054641723632812e+00,2.214082336425781250e+01,7.204114913940429688e+00,6.247053623199462891e+00
4.736631393432617188e+00,2.214082336425781250e+01,7.413407802581787109e+00,6.419152259826660156e+00
4.691217422485351562e+00,2.214082336425781250e+01,7.655034065246582031e+00,6.594536304473876953e+00
4.646642684936523438e+00,2.214082336425781250e+01,7.890217781066894531e+00,6.763056755065917969e+00
4.604574680328369141e+00,2.214082336425781250e+01,8.118543624877929688e+00,6.933641433715820312e+00
4.553915977478027344e+00,2.214082336425781250e+01,8.392011642456054688e+00,7.070276260375976562e+00
4.501546859741210938e+00,2.214082336425781250e+01,8.695179939270019531e+00,7.213572978973388672e+00
4.459353446960449219e+00,2.214082336425781250e+01,8.968445777893066406e+00,7.405648231506347656e+00
4.438017845153808594e+00,2.214082336425781250e+01,9.118860244750976562e+00,7.639289379119873047e+00
4.404636859893798828e+00,2.214082336425781250e+01,9.293474197387695312e+00,7.791247844696044922e+00
4.371899127960205078e+00,2.214082336425781250e+01,9.460972785949707031e+00,7.929684638977050781e+00
4.337633609771728516e+00,2.214082336425781250e+01,9.654163360595703125e+00,8.064531326293945312e+00
4.304471492767333984e+00,2.214082336425781250e+01,9.840231895446777344e+00,8.189049720764160156e+00
4.273025989532470703e+00,2.214082336425781250e+01,1.001879215240478516e+01,8.312610626220703125e+00
4.245112419128417969e+00,2.214082336425781250e+01,1.019155120849609375e+01,8.460249900817871094e+00
4.219945430755615234e+00,2.214082336425781250e+01,1.034760379791259766e+01,8.630492210388183594e+00
4.192980766296386719e+00,2.214082336425781250e+01,1.051943206787109375e+01,8.834782600402832031e+00
4.161005020141601562e+00,2.214082336425781250e+01,1.072889709472656250e+01,9.043887138366699219e+00
4.129206180572509766e+00,2.214082336425781250e+01,1.093112087249755859e+01,9.238637924194335938e+00
5.845199584960937500e+00,2.227103042602539062e+01,1.645524024963378906e+00,1.834921717643737793e+00
5.822282314300537109e+00,2.227103042602539062e+01,1.911280035972595215e+00,2.156561374664306641e+00
5.793974399566650391e+00,2.227103042602539062e+01,2.154418706893920898e+00,2.441907167434692383e+00
5.758917331695556641e+00,2.227103042602539062e+01,2.395806312561035156e+00,2.701464176177978516e+00
5.717787742614746094e+00,2.227103042602539062e+01,2.644230842590332031e+00,2.945068120956420898e+00
5.672367572784423828e+00,2.227103042602539062e+01,2.903646945953369141e+00,3.178452253341674805e+00
5.621850013732910156e+00,2.227103042602539062e+01,3.163803100585937500e+00,3.388252019882202148e+00
5.572177886962890625e+00,2.227103042602539062e+01,3.418356418609619141e+00,3.592425107955932617e+00
5.514425277709960938e+00,2.227103042602539062e+01,3.685330867767333984e+00,3.771574974060058594e+00
5.460450649261474609e+00,2.227103042602539062e+01,3.928094625473022461e+00,3.942089319229125977e+00
5.414801120758056641e+00,2.227103042602539062e+01,4.160794258117675781e+00,4.140593528747558594e+00
5.372772693634033203e+00,2.227103042602539062e+01,4.374092578887939453e+00,4.336078166961669922e+00
5.325138568878173828e+00,2.227103042602539062e+01,4.602206707000732422e+00,4.514906883239746094e+00
5.272733688354492188e+00,2.227103042602539062e+01,4.845846652984619141e+00,4.682281494140625000e+00
5.218135833740234375e+00,2.227103042602539062e+01,5.101201057434082031e+00,4.848106384277343750e+00
5.160658359527587891e+00,2.227103042602539062e+01,5.316428184509277344e+00,4.955994606018066406e+00
5.093319892883300781e+00,2.227103042602539062e+01,5.599642276763916016e+00,5.074865818023681641e+00
5.039232254028320312e+00,2.227103042602539062e+01,5.877543926239013672e+00,5.259300708770751953e+00
4.992162704467773438e+00,2.227103042602539062e+01,6.120544910430908203e+00,5.447943687438964844e+00
4.946341991424560547e+00,2.227103042602539062e+01,6.353240489959716797e+00,5.630805969238281250e+00
4.899509429931640625e+00,2.227103042602539062e+01,6.602653980255126953e+00,5.819421291351318359e+00
4.851573467254638672e+00,2.227103042602539062e+01,6.840905666351318359e+00,5.987336635589599609e+00
4.802851200103759766e+00,2.227103042602539062e+01,7.091688632965087891e+00,6.157247543334960938e+00
4.760709762573242188e+00,2.227103042602539062e+01,7.298089027404785156e+00,6.327494621276855469e+00
4.714819908142089844e+00,2.227103042602539062e+01,7.537755489349365234e+00,6.497276306152343750e+00
4.669107437133789062e+00,2.227103042602539062e+01,7.778929710388183594e+00,6.662735462188720703e+00
4.625820159912109375e+00,2.227103042602539062e+01,8.011907577514648438e+00,6.827684879302978516e+00
4.580688476562500000e+00,2.227103042602539062e+01,8.255513191223144531e+00,6.977673530578613281e+00
4.527239799499511719e+00,2.227103042602539062e+01,8.549736976623535156e+00,7.104506492614746094e+00
4.483416557312011719e+00,2.227103042602539062e+01,8.820931434631347656e+00,7.280549049377441406e+00
4.464033603668212891e+00,2.227103042602539062e+01,8.967416763305664062e+00,7.523751258850097656e+00
4.427332878112792969e+00,2.227103042602539062e+01,9.172004699707031250e+00,7.673037052154541016e+00
4.392901897430419922e+00,2.227103042602539062e+01,9.344382286071777344e+00,7.799672126770019531e+00
4.361470222473144531e+00,2.227103042602539062e+01,9.513743400573730469e+00,7.933488845825195312e+00
4.328270912170410156e+00,2.227103042602539062e+01,9.700322151184082031e+00,8.053799629211425781e+00
4.297040939331054688e+00,2.227103042602539062e+01,9.876150131225585938e+00,8.171199798583984375e+00
4.267807006835937500e+00,2.227103042602539062e+01,1.004560947418212891e+01,8.300483703613281250e+00
4.242684841156005859e+00,2.227103042602539062e+01,1.020505046844482422e+01,8.468891143798828125e+00
4.216481685638427734e+00,2.227103042602539062e+01,1.036766052246093750e+01,8.664725303649902344e+00
4.185853481292724609e+00,2.227103042602539062e+01,1.056343078613281250e+01,8.867513656616210938e+00
4.154768466949462891e+00,2.227103042602539062e+01,1.076893424987792969e+01,9.068399429321289062e+00
5.854233264923095703e+00,2.240104103088378906e+01,1.578632593154907227e+00,1.749090075492858887e+00
5.835197448730468750e+00,2.240104103088378906e+01,1.847418427467346191e+00,2.081480026245117188e+00
5.806335926055908203e+00,2.240104103088378906e+01,2.097068786621093750e+00,2.371353864669799805e+00
5.774865150451660156e+00,2.240104103088378906e+01,2.332580089569091797e+00,2.636035919189453125e+00
5.732899665832519531e+00,2.240104103088378906e+01,2.582559108734130859e+00,2.878089427947998047e+00
5.689313411712646484e+00,2.240104103088378906e+01,2.837137699127197266e+00,3.113424777984619141e+00
5.639795303344726562e+00,2.240104103088378906e+01,3.098771095275878906e+00,3.328476428985595703e+00
5.593420982360839844e+00,2.240104103088378906e+01,3.340059757232666016e+00,3.533103466033935547e+00
5.535413265228271484e+00,2.240104103088378906e+01,3.609768629074096680e+00,3.713262319564819336e+00
5.478862285614013672e+00,2.240104103088378906e+01,3.861040592193603516e+00,3.879335165023803711e+00
5.433001995086669922e+00,2.240104103088378906e+01,4.091971397399902344e+00,4.073953151702880859e+00
5.389703273773193359e+00,2.240104103088378906e+01,4.313118934631347656e+00,4.269900321960449219e+00
5.346479415893554688e+00,2.240104103088378906e+01,4.523854255676269531e+00,4.453356742858886719e+00
5.293796539306640625e+00,2.240104103088378906e+01,4.770385742187500000e+00,4.620577335357666016e+00
5.241425037384033203e+00,2.240104103088378906e+01,5.018408298492431641e+00,4.789771556854248047e+00
5.180797576904296875e+00,2.240104103088378906e+01,5.255624771118164062e+00,4.900260448455810547e+00
5.119094848632812500e+00,2.240104103088378906e+01,5.491561889648437500e+00,5.004293441772460938e+00
5.064396381378173828e+00,2.240104103088378906e+01,5.770545005798339844e+00,5.185787200927734375e+00
5.013466835021972656e+00,2.240104103088378906e+01,6.030362606048583984e+00,5.367014408111572266e+00
4.967932224273681641e+00,2.240104103088378906e+01,6.260169982910156250e+00,5.547587871551513672e+00
4.922130584716796875e+00,2.240104103088378906e+01,6.491821289062500000e+00,5.725548744201660156e+00
4.875365734100341797e+00,2.240104103088378906e+01,6.734810352325439453e+00,5.904252052307128906e+00
4.827037811279296875e+00,2.240104103088378906e+01,6.973776340484619141e+00,6.065375328063964844e+00
4.780426502227783203e+00,2.240104103088378906e+01,7.209859371185302734e+00,6.230843067169189453e+00
4.737572669982910156e+00,2.240104103088378906e+01,7.426116466522216797e+00,6.399132728576660156e+00
4.692257404327392578e+00,2.240104103088378906e+01,7.665649890899658203e+00,6.565353393554687500e+00
4.648111820220947266e+00,2.240104103088378906e+01,7.896002292633056641e+00,6.721462249755859375e+00
4.607028961181640625e+00,2.240104103088378906e+01,8.110982894897460938e+00,6.874656677246093750e+00
4.552680969238281250e+00,2.240104103088378906e+01,8.415317535400390625e+00,7.002614021301269531e+00
4.502891063690185547e+00,2.240104103088378906e+01,8.698390960693359375e+00,7.143501281738281250e+00
4.477758884429931641e+00,2.240104103088378906e+01,8.883737564086914062e+00,7.373196125030517578e+00
4.452781677246093750e+00,2.240104103088378906e+01,9.029447555541992188e+00,7.558017730712890625e+00
4.416591644287109375e+00,2.240104103088378906e+01,9.215854644775390625e+00,7.680724620819091797e+00
4.384865760803222656e+00,2.240104103088378906e+01,9.382533073425292969e+00,7.807553768157958984e+00
4.352184772491455078e+00,2.240104103088378906e+01,9.558654785156250000e+00,7.919506549835205078e+00
4.320582866668701172e+00,2.240104103088378906e+01,9.737010955810546875e+00,8.031111717224121094e+00
4.291417121887207031e+00,2.240104103088378906e+01,9.903258323669433594e+00,8.153009414672851562e+00
4.264719009399414062e+00,2.240104103088378906e+01,1.006389045715332031e+01,8.304935455322265625e+00
4.239054679870605469e+00,2.240104103088378906e+01,1.022679042816162109e+01,8.500248908996582031e+00
4.210366249084472656e+00,2.240104103088378906e+01,1.040482139587402344e+01,8.700503349304199219e+00
4.179494857788085938e+00,2.240104103088378906e+01,1.060677146911621094e+01,8.895958900451660156e+00
5.861310958862304688e+00,2.253105354309082031e+01,1.518275260925292969e+00,1.666793107986450195e+00
5.846811771392822266e+00,2.253105354309082031e+01,1.783964157104492188e+00,2.003513574600219727e+00
5.820094108581542969e+00,2.253105354309082031e+01,2.034861803054809570e+00,2.299567699432373047e+00
5.789323329925537109e+00,2.253105354309082031e+01,2.272101163864135742e+00,2.568242311477661133e+00
5.749834537506103516e+00,2.253105354309082031e+01,2.512084007263183594e+00,2.807803392410278320e+00
5.708065986633300781e+00,2.253105354309082031e+01,2.764927864074707031e+00,3.049035310745239258e+00
5.659478187561035156e+00,2.253105354309082031e+01,3.027384281158447266e+00,3.268846750259399414e+00
5.611546516418457031e+00,2.253105354309082031e+01,3.271785020828247070e+00,3.469910621643066406e+00
5.556723117828369141e+00,2.253105354309082031e+01,3.534211397171020508e+00,3.656224012374877930e+00
5.498819351196289062e+00,2.253105354309082031e+01,3.789367675781250000e+00,3.819161653518676758e+00
5.451717376708984375e+00,2.253105354309082031e+01,4.024558544158935547e+00,4.011054992675781250e+00
5.407453536987304688e+00,2.253105354309082031e+01,4.251266479492187500e+00,4.206625938415527344e+00
5.366486072540283203e+00,2.253105354309082031e+01,4.452445983886718750e+00,4.391437053680419922e+00
5.315765857696533203e+00,2.253105354309082031e+01,4.690414428710937500e+00,4.559516429901123047e+00
5.263697624206542969e+00,2.253105354309082031e+01,4.936079502105712891e+00,4.726417541503906250e+00
5.209391593933105469e+00,2.253105354309082031e+01,5.167132377624511719e+00,4.864403724670410156e+00
5.146391391754150391e+00,2.253105354309082031e+01,5.400453567504882812e+00,4.957145690917968750e+00
5.089512348175048828e+00,2.253105354309082031e+01,5.663613319396972656e+00,5.111923217773437500e+00
5.036444664001464844e+00,2.253105354309082031e+01,5.933158397674560547e+00,5.289189338684082031e+00
4.989386558532714844e+00,2.253105354309082031e+01,6.170060157775878906e+00,5.466447353363037109e+00
4.943950653076171875e+00,2.253105354309082031e+01,6.396395683288574219e+00,5.640311717987060547e+00
4.897290706634521484e+00,2.253105354309082031e+01,6.638849258422851562e+00,5.818022727966308594e+00
4.848876476287841797e+00,2.253105354309082031e+01,6.875813007354736328e+00,5.975934505462646484e+00
4.802772998809814453e+00,2.253105354309082031e+01,7.106451511383056641e+00,6.138443946838378906e+00
4.759651660919189453e+00,2.253105354309082031e+01,7.322207927703857422e+00,6.303131580352783203e+00
4.715308189392089844e+00,2.253105354309082031e+01,7.553053379058837891e+00,6.467633724212646484e+00
4.670423507690429688e+00,2.253105354309082031e+01,7.785437583923339844e+00,6.620228290557861328e+00
4.628576278686523438e+00,2.253105354309082031e+01,8.003980636596679688e+00,6.770003795623779297e+00
4.578211307525634766e+00,2.253105354309082031e+01,8.275673866271972656e+00,6.896881103515625000e+00
4.525988578796386719e+00,2.253105354309082031e+01,8.560901641845703125e+00,7.019887924194335938e+00
4.498600006103515625e+00,2.253105354309082031e+01,8.758188247680664062e+00,7.240872859954833984e+00
4.475438594818115234e+00,2.253105354309082031e+01,8.909102439880371094e+00,7.441230297088623047e+00
4.441462993621826172e+00,2.253105354309082031e+01,9.080121994018554688e+00,7.565036773681640625e+00
4.407233715057373047e+00,2.253105354309082031e+01,9.257822036743164062e+00,7.678955554962158203e+00
4.376048088073730469e+00,2.253105354309082031e+01,9.423546791076660156e+00,7.790535449981689453e+00
4.344532966613769531e+00,2.253105354309082031e+01,9.593942642211914062e+00,7.891358852386474609e+00
4.314970016479492188e+00,2.253105354309082031e+01,9.763578414916992188e+00,8.007093429565429688e+00
4.287679672241210938e+00,2.253105354309082031e+01,9.922980308532714844e+00,8.148418426513671875e+00
4.261913776397705078e+00,2.253105354309082031e+01,1.008252716064453125e+01,8.335220336914062500e+00
4.234007835388183594e+00,2.253105354309082031e+01,1.025868415832519531e+01,8.535850524902343750e+00
4.204299449920654297e+00,2.253105354309082031e+01,1.043957042694091797e+01,8.720908164978027344e+00
5.870395183563232422e+00,2.266126060485839844e+01,1.448671340942382812e+00,1.579687595367431641e+00
5.859184265136718750e+00,2.266126060485839844e+01,1.719722628593444824e+00,1.926939010620117188e+00
5.832730293273925781e+00,2.266126060485839844e+01,1.973665595054626465e+00,2.225353479385375977e+00
5.804299354553222656e+00,2.266126060485839844e+01,2.209594726562500000e+00,2.499571323394775391e+00
5.765990257263183594e+00,2.266126060485839844e+01,2.448160409927368164e+00,2.741561651229858398e+00
5.726098060607910156e+00,2.266126060485839844e+01,2.694132804870605469e+00,2.982879877090454102e+00
5.679456233978271484e+00,2.266126060485839844e+01,2.951940536499023438e+00,3.205681562423706055e+00
5.630104064941406250e+00,2.266126060485839844e+01,3.201395273208618164e+00,3.405843257904052734e+00
5.579415798187255859e+00,2.266126060485839844e+01,3.456012964248657227e+00,3.602512598037719727e+00
5.525303363800048828e+00,2.266126060485839844e+01,3.711441755294799805e+00,3.782600402832031250e+00
5.471376419067382812e+00,2.266126060485839844e+01,3.953045606613159180e+00,3.948470354080200195e+00
5.426170825958251953e+00,2.266126060485839844e+01,4.184142589569091797e+00,4.142779827117919922e+00
5.384888172149658203e+00,2.266126060485839844e+01,4.386731624603271484e+00,4.326725482940673828e+00
5.337646484375000000e+00,2.266126060485839844e+01,4.610769748687744141e+00,4.498371124267578125e+00
5.284674167633056641e+00,2.266126060485839844e+01,4.854087352752685547e+00,4.656517028808593750e+00
5.233037948608398438e+00,2.266126060485839844e+01,5.086691856384277344e+00,4.809036731719970703e+00
5.172784805297851562e+00,2.266126060485839844e+01,5.312885284423828125e+00,4.908347129821777344e+00
5.115462303161621094e+00,2.266126060485839844e+01,5.553316116333007812e+00,5.039212226867675781e+00
5.061423778533935547e+00,2.266126060485839844e+01,5.826893329620361328e+00,5.214202880859375000e+00
5.011601448059082031e+00,2.266126060485839844e+01,6.078079223632812500e+00,5.387992858886718750e+00
4.966089248657226562e+00,2.266126060485839844e+01,6.302903175354003906e+00,5.558796405792236328e+00
4.920584678649902344e+00,2.266126060485839844e+01,6.527491092681884766e+00,5.726498603820800781e+00
4.872941970825195312e+00,2.266126060485839844e+01,6.771791934967041016e+00,5.894887447357177734e+00
4.826784133911132812e+00,2.266126060485839844e+01,6.993814945220947266e+00,6.048639774322509766e+00
4.783449172973632812e+00,2.266126060485839844e+01,7.211920738220214844e+00,6.212834835052490234e+00
4.738784790039062500e+00,2.266126060485839844e+01,7.436853885650634766e+00,6.369657516479492188e+00
4.693572044372558594e+00,2.266126060485839844e+01,7.672357559204101562e+00,6.522327423095703125e+00
4.650726318359375000e+00,2.266126060485839844e+01,7.897411346435546875e+00,6.670053958892822266e+00
4.604790687561035156e+00,2.266126060485839844e+01,8.141050338745117188e+00,6.802611351013183594e+00
4.552984714508056641e+00,2.266126060485839844e+01,8.418349266052246094e+00,6.918910980224609375e+00
4.512754917144775391e+00,2.266126060485839844e+01,8.666186332702636719e+00,7.089660167694091797e+00
4.495863437652587891e+00,2.266126060485839844e+01,8.793183326721191406e+00,7.311843872070312500e+00
4.465435028076171875e+00,2.266126060485839844e+01,8.953490257263183594e+00,7.450283527374267578e+00
4.430884838104248047e+00,2.266126060485839844e+01,9.126073837280273438e+00,7.554567813873291016e+00
4.399489879608154297e+00,2.266126060485839844e+01,9.293250083923339844e+00,7.662629127502441406e+00
4.368705272674560547e+00,2.266126060485839844e+01,9.456289291381835938e+00,7.758533477783203125e+00
4.338443756103515625e+00,2.266126060485839844e+01,9.621637344360351562e+00,7.859801769256591797e+00
4.310743331909179688e+00,2.266126060485839844e+01,9.785592079162597656e+00,7.996326446533203125e+00
4.284121036529541016e+00,2.266126060485839844e+01,9.945131301879882812e+00,8.171020507812500000e+00
4.257736206054687500e+00,2.266126060485839844e+01,1.010791969299316406e+01,8.368379592895507812e+00
4.229111671447753906e+00,2.266126060485839844e+01,1.029060840606689453e+01,8.560789108276367188e+00
5.869193077087402344e+00,2.279127120971679688e+01,1.654004335403442383e+00,1.843005180358886719e+00
5.844270229339599609e+00,2.279127120971679688e+01,1.915175914764404297e+00,2.151112079620361328e+00
5.816971778869628906e+00,2.279127120971679688e+01,2.151487350463867188e+00,2.427978038787841797e+00
5.781816005706787109e+00,2.279127120971679688e+01,2.386941194534301758e+00,2.676819086074829102e+00
5.741910457611083984e+00,2.279127120971679688e+01,2.627616882324218750e+00,2.912160396575927734e+00
5.698370933532714844e+00,2.279127120971679688e+01,2.878634691238403320e+00,3.140107631683349609e+00
5.648798465728759766e+00,2.279127120971679688e+01,3.133266210556030273e+00,3.344337701797485352e+00
5.601751804351806641e+00,2.279127120971679688e+01,3.378210067749023438e+00,3.547014236450195312e+00
5.545797348022460938e+00,2.279127120971679688e+01,3.639787912368774414e+00,3.724720239639282227e+00
5.491085529327392578e+00,2.279127120971679688e+01,3.881729602813720703e+00,3.886302947998046875e+00
5.446187973022460938e+00,2.279127120971679688e+01,4.107127189636230469e+00,4.075318813323974609e+00
5.402523517608642578e+00,2.279127120971679688e+01,4.324048995971679688e+00,4.260718822479248047e+00
5.359595298767089844e+00,2.279127120971679688e+01,4.531585693359375000e+00,4.437853813171386719e+00
5.306350708007812500e+00,2.279127120971679688e+01,4.775454998016357422e+00,4.593892574310302734e+00
5.256486892700195312e+00,2.279127120971679688e+01,5.010762691497802734e+00,4.757148265838623047e+00
5.196550846099853516e+00,2.279127120971679688e+01,5.230706691741943359e+00,4.850425243377685547e+00
5.138685226440429688e+00,2.279127120971679688e+01,5.465441226959228516e+00,4.971740245819091797e+00
5.087190151214599609e+00,2.279127120971679688e+01,5.719021797180175781e+00,5.141961097717285156e+00
5.032905578613281250e+00,2.279127120971679688e+01,5.990771770477294922e+00,5.308320045471191406e+00
4.988094329833984375e+00,2.279127120971679688e+01,6.210180282592773438e+00,5.477226734161376953e+00
4.942551612854003906e+00,2.279127120971679688e+01,6.431583404541015625e+00,5.640436172485351562e+00
4.897216796875000000e+00,2.279127120971679688e+01,6.662916183471679688e+00,5.810709476470947266e+00
4.849273681640625000e+00,2.279127120971679688e+01,6.896760940551757812e+00,5.963212966918945312e+00
4.804668426513671875e+00,2.279127120971679688e+01,7.110595703125000000e+00,6.114048004150390625e+00
4.760906696319580078e+00,2.279127120971679688e+01,7.334821224212646484e+00,6.274652004241943359e+00
4.717391014099121094e+00,2.279127120971679688e+01,7.556768894195556641e+00,6.426537036895751953e+00
4.672840595245361328e+00,2.279127120971679688e+01,7.785706520080566406e+00,6.565527439117431641e+00
4.630338668823242188e+00,2.279127120971679688e+01,7.999338150024414062e+00,6.695032596588134766e+00
4.577395439147949219e+00,2.279127120971679688e+01,8.288858413696289062e+00,6.811711311340332031e+00
4.534389495849609375e+00,2.279127120971679688e+01,8.532180786132812500e+00,6.956472873687744141e+00
4.519040107727050781e+00,2.279127120971679688e+01,8.667578697204589844e+00,7.194403648376464844e+00
4.488264083862304688e+00,2.279127120971679688e+01,8.833926200866699219e+00,7.333083152770996094e+00
4.455727577209472656e+00,2.279127120971679688e+01,8.993062019348144531e+00,7.438099861145019531e+00
4.423411846160888672e+00,2.279127120971679688e+01,9.159109115600585938e+00,7.534721374511718750e+00
4.392838478088378906e+00,2.279127120971679688e+01,9.321929931640625000e+00,7.627421379089355469e+00
4.362972259521484375e+00,2.279127120971679688e+01,9.481442451477050781e+00,7.721128940582275391e+00
4.333709716796875000e+00,2.279127120971679688e+01,9.645030021667480469e+00,7.839990139007568359e+00
4.307227611541748047e+00,2.279127120971679688e+01,9.805761337280273438e+00,8.011795043945312500e+00
4.281094074249267578e+00,2.279127120971679688e+01,9.964280128479003906e+00,8.203788757324218750e+00
4.253398418426513672e+00,2.279127120971679688e+01,1.013663482666015625e+01,8.392251968383789062e+00
5.879014492034912109e+00,2.292128181457519531e+01,1.589017629623413086e+00,1.759919643402099609e+00
5.857923507690429688e+00,2.292128181457519531e+01,1.850453972816467285e+00,2.076175451278686523e+00
5.829735755920410156e+00,2.292128181457519531e+01,2.093750715255737305e+00,2.357129096984863281e+00
5.798188686370849609e+00,2.292128181457519531e+01,2.322864532470703125e+00,2.610589504241943359e+00
5.757304191589355469e+00,2.292128181457519531e+01,2.565567731857299805e+00,2.844402790069580078e+00
5.714769840240478516e+00,2.292128181457519531e+01,2.813544511795043945e+00,3.073006868362426758e+00
5.667131423950195312e+00,2.292128181457519531e+01,3.068008184432983398e+00,3.284155845642089844e+00
5.622232437133789062e+00,2.292128181457519531e+01,3.301279067993164062e+00,3.483400821685791016e+00
5.566950798034667969e+00,2.292128181457519531e+01,3.563136100769042969e+00,3.664392709732055664e+00
5.509899139404296875e+00,2.292128181457519531e+01,3.816252470016479492e+00,3.825795888900756836e+00
5.464079856872558594e+00,2.292128181457519531e+01,4.042984485626220703e+00,4.010395050048828125e+00
5.420260429382324219e+00,2.292128181457519531e+01,4.263254642486572266e+00,4.196894645690917969e+00
5.379266738891601562e+00,2.292128181457519531e+01,4.459801197052001953e+00,4.372430801391601562e+00
5.328943252563476562e+00,2.292128181457519531e+01,4.694843769073486328e+00,4.534352302551269531e+00
5.278366565704345703e+00,2.292128181457519531e+01,4.932624340057373047e+00,4.694995880126953125e+00
5.223928928375244141e+00,2.292128181457519531e+01,5.154811382293701172e+00,4.817373752593994141e+00
5.162854671478271484e+00,2.292128181457519531e+01,5.388709068298339844e+00,4.918890953063964844e+00
5.112804412841796875e+00,2.292128181457519531e+01,5.610682487487792969e+00,5.068166732788085938e+00
5.059280872344970703e+00,2.292128181457519531e+01,5.879443645477294922e+00,5.235662937164306641e+00
5.010026454925537109e+00,2.292128181457519531e+01,6.120128631591796875e+00,5.397673130035400391e+00
4.964618206024169922e+00,2.292128181457519531e+01,6.339475154876708984e+00,5.558444023132324219e+00
4.919337749481201172e+00,2.292128181457519531e+01,6.563148021697998047e+00,5.721232414245605469e+00
4.871071338653564453e+00,2.292128181457519531e+01,6.801973342895507812e+00,5.875592708587646484e+00
4.827071189880371094e+00,2.292128181457519531e+01,7.009969711303710938e+00,6.023764133453369141e+00
4.784100055694580078e+00,2.292128181457519531e+01,7.226225376129150391e+00,6.180731773376464844e+00
4.740209102630615234e+00,2.292128181457519531e+01,7.450157165527343750e+00,6.331738471984863281e+00
4.696416378021240234e+00,2.292128181457519531e+01,7.669214725494384766e+00,6.466953754425048828e+00
4.653782367706298828e+00,2.292128181457519531e+01,7.889692783355712891e+00,6.600051879882812500e+00
4.605128288269042969e+00,2.292128181457519531e+01,8.143561363220214844e+00,6.713825702667236328e+00
4.554827213287353516e+00,2.292128181457519531e+01,8.419409751892089844e+00,6.833720684051513672e+00
4.533557415008544922e+00,2.292128181457519531e+01,8.572717666625976562e+00,7.042045116424560547e+00
4.512633323669433594e+00,2.292128181457519531e+01,8.704762458801269531e+00,7.218664169311523438e+00
4.479142665863037109e+00,2.292128181457519531e+01,8.872372627258300781e+00,7.321134567260742188e+00
4.447636127471923828e+00,2.292128181457519531e+01,9.027262687683105469e+00,7.411231994628906250e+00
4.417199134826660156e+00,2.292128181457519531e+01,9.184797286987304688e+00,7.496230125427246094e+00
4.387385368347167969e+00,2.292128181457519531e+01,9.344486236572265625e+00,7.584698677062988281e+00
4.357938289642333984e+00,2.292128181457519531e+01,9.505403518676757812e+00,7.694564819335937500e+00
4.329493999481201172e+00,2.292128181457519531e+01,9.671532630920410156e+00,7.850978374481201172e+00
4.304056167602539062e+00,2.292128181457519531e+01,9.827244758605957031e+00,8.041408538818359375e+00
4.278058528900146484e+00,2.292128181457519531e+01,9.980644226074218750e+00,8.225103378295898438e+00
5.883480072021484375e+00,2.305148887634277344e+01,1.526892662048339844e+00,1.668861985206604004e+00
5.870180130004882812e+00,2.305148887634277344e+01,1.784220337867736816e+00,1.995948672294616699e+00
5.843452930450439453e+00,2.305148887634277344e+01,2.031000852584838867e+00,2.283469676971435547e+00
5.813196182250976562e+00,2.305148887634277344e+01,2.261574268341064453e+00,2.542496681213378906e+00
5.775033473968505859e+00,2.305148887634277344e+01,2.493399143218994141e+00,2.773826599121093750e+00
5.733865737915039062e+00,2.305148887634277344e+01,2.740771770477294922e+00,3.007772445678710938e+00
5.688018798828125000e+00,2.305148887634277344e+01,2.992254257202148438e+00,3.223146915435791016e+00
5.639933586120605469e+00,2.305148887634277344e+01,3.233928918838500977e+00,3.417384386062622070e+00
5.587988376617431641e+00,2.305148887634277344e+01,3.489863157272338867e+00,3.606736183166503906e+00
5.533830642700195312e+00,2.305148887634277344e+01,3.737084627151489258e+00,3.774547576904296875e+00
5.484173297882080078e+00,2.305148887634277344e+01,3.970866203308105469e+00,3.948078393936157227e+00
5.438901901245117188e+00,2.305148887634277344e+01,4.200321197509765625e+00,4.135399818420410156e+00
5.351701736450195312e+00,2.305148887634277344e+01,4.612780570983886719e+00,4.474111080169677734e+00
5.299514293670654297e+00,2.305148887634277344e+01,4.852779865264892578e+00,4.627327919006347656e+00
5.247954845428466797e+00,2.305148887634277344e+01,5.069998741149902344e+00,4.758698463439941406e+00
5.187703609466552734e+00,2.305148887634277344e+01,5.306654930114746094e+00,4.864934921264648438e+00
5.136590957641601562e+00,2.305148887634277344e+01,5.522504329681396484e+00,5.002196311950683594e+00
5.085528373718261719e+00,2.305148887634277344e+01,5.768488407135009766e+00,5.162157535552978516e+00
5.031334877014160156e+00,2.305148887634277344e+01,6.033584117889404297e+00,5.317630290985107422e+00
4.987395286560058594e+00,2.305148887634277344e+01,6.245709896087646484e+00,5.479351043701171875e+00
4.942007064819335938e+00,2.305148887634277344e+01,6.463798522949218750e+00,5.635463714599609375e+00
4.895908832550048828e+00,2.305148887634277344e+01,6.695585250854492188e+00,5.795821189880371094e+00
4.849634647369384766e+00,2.305148887634277344e+01,6.914979457855224609e+00,5.939194202423095703e+00
4.808197021484375000e+00,2.305148887634277344e+01,7.112030029296875000e+00,6.088004112243652344e+00
4.763022422790527344e+00,2.305148887634277344e+01,7.341137409210205078e+00,6.234710216522216797e+00
4.720139980316162109e+00,2.305148887634277344e+01,7.555178642272949219e+00,6.371090412139892578e+00
4.676561355590820312e+00,2.305148887634277344e+01,7.779671192169189453e+00,6.500570297241210938e+00
4.630518913269042969e+00,2.305148887634277344e+01,8.014863967895507812e+00,6.614265441894531250e+00
4.578888416290283203e+00,2.305148887634277344e+01,8.281809806823730469e+00,6.714953422546386719e+00
4.550955295562744141e+00,2.305148887634277344e+01,8.469861984252929688e+00,6.903646469116210938e+00
4.536461353302001953e+00,2.305148887634277344e+01,8.577711105346679688e+00,7.102236270904541016e+00
4.503280162811279297e+00,2.305148887634277344e+01,8.745811462402343750e+00,7.204546928405761719e+00
4.471348762512207031e+00,2.305148887634277344e+01,8.903374671936035156e+00,7.290967464447021484e+00
4.441644191741943359e+00,2.305148887634277344e+01,9.051457405090332031e+00,7.370011806488037109e+00
4.411804199218750000e+00,2.305148887634277344e+01,9.205608367919921875e+00,7.448664665222167969e+00
4.381922721862792969e+00,2.305148887634277344e+01,9.369591712951660156e+00,7.552611827850341797e+00
4.352705001831054688e+00,2.305148887634277344e+01,9.534087181091308594e+00,7.697063922882080078e+00
4.326753139495849609e+00,2.305148887634277344e+01,9.688364982604980469e+00,7.878884792327880859e+00
4.301136493682861328e+00,2.305148887634277344e+01,9.848403930664062500e+00,8.068509101867675781e+00
5.891975879669189453e+00,2.318149948120117188e+01,1.457909464836120605e+00,1.580569505691528320e+00
5.882921695709228516e+00,2.318149948120117188e+01,1.719764113426208496e+00,1.919218301773071289e+00
5.856404781341552734e+00,2.318149948120117188e+01,1.968436956405639648e+00,2.207740068435668945e+00
5.829111099243164062e+00,2.318149948120117188e+01,2.198107481002807617e+00,2.474735736846923828e+00
5.791227340698242188e+00,2.318149948120117188e+01,2.429791450500488281e+00,2.706795930862426758e+00
5.752207279205322266e+00,2.318149948120117188e+01,2.668429851531982422e+00,2.939492464065551758e+00
5.707287788391113281e+00,2.318149948120117188e+01,2.918073892593383789e+00,3.156914949417114258e+00
5.658943653106689453e+00,2.318149948120117188e+01,3.164153099060058594e+00,3.354186296463012695e+00
5.611486434936523438e+00,2.318149948120117188e+01,3.407903671264648438e+00,3.550416946411132812e+00
5.559622287750244141e+00,2.318149948120117188e+01,3.659537553787231445e+00,3.733273267745971680e+00
5.504494190216064453e+00,2.318149948120117188e+01,3.897693157196044922e+00,3.885686159133911133e+00
5.459650993347167969e+00,2.318149948120117188e+01,4.121738910675048828e+00,4.068724632263183594e+00
5.416786193847656250e+00,2.318149948120117188e+01,4.329691410064697266e+00,4.244424343109130859e+00
5.372682094573974609e+00,2.318149948120117188e+01,4.536512374877929688e+00,4.410039424896240234e+00
5.320610046386718750e+00,2.318149948120117188e+01,4.773485183715820312e+00,4.560111999511718750e+00
5.271810054779052734e+00,2.318149948120117188e+01,5.000507831573486328e+00,4.713982582092285156e+00
5.212186336517333984e+00,2.318149948120117188e+01,5.219074249267578125e+00,4.804143905639648438e+00
5.159517765045166016e+00,2.318149948120117188e+01,5.443888187408447266e+00,4.940014839172363281e+00
5.112387180328369141e+00,2.318149948120117188e+01,5.657450199127197266e+00,5.091756343841552734e+00
5.052212238311767578e+00,2.318149948120117188e+01,5.951541900634765625e+00,5.239288806915283203e+00
5.009592056274414062e+00,2.318149948120117188e+01,6.154476165771484375e+00,5.399551868438720703e+00
4.964127540588378906e+00,2.318149948120117188e+01,6.369928836822509766e+00,5.551248073577880859e+00
4.919604301452636719e+00,2.318149948120117188e+01,6.590415954589843750e+00,5.710059165954589844e+00
4.872809410095214844e+00,2.318149948120117188e+01,6.815592765808105469e+00,5.854791641235351562e+00
4.828130722045898438e+00,2.318149948120117188e+01,7.021052837371826172e+00,5.989445686340332031e+00
4.786234378814697266e+00,2.318149948120117188e+01,7.233382225036621094e+00,6.140970706939697266e+00
4.743005752563476562e+00,2.318149948120117188e+01,7.450149059295654297e+00,6.277448177337646484e+00
4.700096130371093750e+00,2.318149948120117188e+01,7.661238193511962891e+00,6.399061679840087891e+00
4.656692981719970703e+00,2.318149948120117188e+01,7.880849361419677734e+00,6.515547275543212891e+00
4.605784416198730469e+00,2.318149948120117188e+01,8.144296646118164062e+00,6.614842891693115234e+00
4.567484378814697266e+00,2.318149948120117188e+01,8.369802474975585938e+00,6.762522697448730469e+00
4.555498600006103516e+00,2.318149948120117188e+01,8.471944808959960938e+00,6.970050334930419922e+00
4.528276443481445312e+00,2.318149948120117188e+01,8.614576339721679688e+00,7.090445041656494141e+00
4.495690345764160156e+00,2.318149948120117188e+01,8.775482177734375000e+00,7.172209262847900391e+00
4.465554237365722656e+00,2.318149948120117188e+01,8.925417900085449219e+00,7.246788501739501953e+00
4.436352729797363281e+00,2.318149948120117188e+01,9.072521209716796875e+00,7.319955348968505859e+00
4.405684947967529297e+00,2.318149948120117188e+01,9.232406616210937500e+00,7.409673690795898438e+00
4.375980377197265625e+00,2.318149948120117188e+01,9.400929450988769531e+00,7.548943519592285156e+00
4.348777770996093750e+00,2.318149948120117188e+01,9.560056686401367188e+00,7.722047328948974609e+00
4.324340820312500000e+00,2.318149948120117188e+01,9.705513000488281250e+00,7.906186103820800781e+00
5.892955303192138672e+00,2.331151008605957031e+01,1.652937054634094238e+00,1.833353877067565918e+00
5.868256092071533203e+00,2.331151008605957031e+01,1.908468604087829590e+00,2.132018327713012695e+00
5.842131614685058594e+00,2.331151008605957031e+01,2.139230489730834961e+00,2.402271747589111328e+00
5.807469367980957031e+00,2.331151008605957031e+01,2.367955923080444336e+00,2.641647815704345703e+00
5.768017292022705078e+00,2.331151008605957031e+01,2.602508544921875000e+00,2.868150949478149414e+00
5.725577831268310547e+00,2.331151008605957031e+01,2.846277236938476562e+00,3.089003801345825195e+00
5.678249835968017578e+00,2.331151008605957031e+01,3.094737052917480469e+00,3.292227983474731445e+00
5.633824825286865234e+00,2.331151008605957031e+01,3.327169418334960938e+00,3.489622116088867188e+00
5.579540252685546875e+00,2.331151008605957031e+01,3.584878206253051758e+00,3.667966365814208984e+00
5.523754119873046875e+00,2.331151008605957031e+01,3.833499908447265625e+00,3.827263593673706055e+00
5.479070186614990234e+00,2.331151008605957031e+01,4.049517154693603516e+00,4.001980781555175781e+00
5.434710979461669922e+00,2.331151008605957031e+01,4.268413066864013672e+00,4.179744720458984375e+00
5.393623352050781250e+00,2.331151008605957031e+01,4.460586071014404297e+00,4.345606327056884766e+00
5.343369007110595703e+00,2.331151008605957031e+01,4.692730426788330078e+00,4.500187397003173828e+00
5.294525623321533203e+00,2.331151008605957031e+01,4.922563076019287109e+00,4.655764579772949219e+00
5.238632678985595703e+00,2.331151008605957031e+01,5.142683029174804688e+00,4.763854980468750000e+00
5.183068752288818359e+00,2.331151008605957031e+01,5.368029594421386719e+00,4.883478164672851562e+00
5.135290622711181641e+00,2.331151008605957031e+01,5.574362277984619141e+00,5.024655342102050781e+00
5.083605766296386719e+00,2.331151008605957031e+01,5.820409297943115234e+00,5.175421714782714844e+00
5.030254364013671875e+00,2.331151008605957031e+01,6.070890426635742188e+00,5.317828178405761719e+00
4.986729145050048828e+00,2.331151008605957031e+01,6.277036190032958984e+00,5.471001148223876953e+00
4.941679477691650391e+00,2.331151008605957031e+01,6.495122432708740234e+00,5.623165130615234375e+00
4.895051956176757812e+00,2.331151008605957031e+01,6.720268249511718750e+00,5.768004894256591797e+00
4.850624084472656250e+00,2.331151008605957031e+01,6.927186012268066406e+00,5.904237270355224609e+00
4.809872150421142578e+00,2.331151008605957031e+01,7.124349117279052734e+00,6.048520088195800781e+00
4.766089916229248047e+00,2.331151008605957031e+01,7.344967365264892578e+00,6.184748649597167969e+00
4.723628044128417969e+00,2.331151008605957031e+01,7.550085544586181641e+00,6.303761482238769531e+00
4.681081295013427734e+00,2.331151008605957031e+01,7.765423774719238281e+00,6.420787811279296875e+00
4.631355762481689453e+00,2.331151008605957031e+01,8.013723373413085938e+00,6.511853218078613281e+00
4.585896492004394531e+00,2.331151008605957031e+01,8.254238128662109375e+00,6.621708869934082031e+00
4.574606895446777344e+00,2.331151008605957031e+01,8.369033813476562500e+00,6.840646266937255859e+00
4.551450252532958984e+00,2.331151008605957031e+01,8.498222351074218750e+00,6.975623607635498047e+00
4.520419597625732422e+00,2.331151008605957031e+01,8.646403312683105469e+00,7.056007385253906250e+00
4.489722251892089844e+00,2.331151008605957031e+01,8.797020912170410156e+00,7.125036716461181641e+00
4.460583686828613281e+00,2.331151008605957031e+01,8.943528175354003906e+00,7.193912029266357422e+00
4.430385589599609375e+00,2.331151008605957031e+01,9.097796440124511719e+00,7.276663780212402344e+00
4.398706912994384766e+00,2.331151008605957031e+01,9.268952369689941406e+00,7.398866653442382812e+00
4.371991634368896484e+00,2.331151008605957031e+01,9.425372123718261719e+00,7.569138526916503906e+00
4.346696376800537109e+00,2.331151008605957031e+01,9.571460723876953125e+00,7.745209693908691406e+00
5.902969837188720703e+00,2.344151878356933594e+01,1.586156845092773438e+00,1.748098611831665039e+00
5.882969379425048828e+00,2.344151878356933594e+01,1.841211795806884766e+00,2.056440830230712891e+00
5.855445861816406250e+00,2.344151878356933594e+01,2.080159902572631836e+00,2.330582618713378906e+00
5.824089527130126953e+00,2.344151878356933594e+01,2.304134607315063477e+00,2.575399160385131836e+00
5.784419059753417969e+00,2.344151878356933594e+01,2.537515401840209961e+00,2.799711942672729492e+00
5.743093490600585938e+00,2.344151878356933594e+01,2.779537200927734375e+00,3.023157119750976562e+00
5.696851253509521484e+00,2.344151878356933594e+01,3.027810096740722656e+00,3.229969024658203125e+00
5.653117179870605469e+00,2.344151878356933594e+01,3.254196405410766602e+00,3.423314094543457031e+00
5.600425243377685547e+00,2.344151878356933594e+01,3.508954524993896484e+00,3.605336904525756836e+00
5.543869972229003906e+00,2.344151878356933594e+01,3.762399196624755859e+00,3.765563249588012695e+00
5.498557090759277344e+00,2.344151878356933594e+01,3.982472896575927734e+00,3.940792560577392578e+00
5.454610824584960938e+00,2.344151878356933594e+01,4.202150821685791016e+00,4.119888305664062500e+00
5.412803649902343750e+00,2.344151878356933594e+01,4.395772933959960938e+00,4.282722473144531250e+00
5.365754127502441406e+00,2.344151878356933594e+01,4.612597465515136719e+00,4.438707828521728516e+00
5.316348552703857422e+00,2.344151878356933594e+01,4.843430995941162109e+00,4.591911792755126953e+00
5.263591766357421875e+00,2.344151878356933594e+01,5.056463241577148438e+00,4.707551479339599609e+00
5.205257892608642578e+00,2.344151878356933594e+01,5.292119979858398438e+00,4.819705486297607422e+00
5.158183574676513672e+00,2.344151878356933594e+01,5.496228218078613281e+00,4.961758136749267578e+00
5.111239910125732422e+00,2.344151878356933594e+01,5.705211162567138672e+00,5.104695796966552734e+00
5.052077293395996094e+00,2.344151878356933594e+01,5.984553337097167969e+00,5.240100860595703125e+00
5.009475231170654297e+00,2.344151878356933594e+01,6.185071468353271484e+00,5.392487049102783203e+00
4.964761734008789062e+00,2.344151878356933594e+01,6.395323276519775391e+00,5.538494586944580078e+00
4.919378280639648438e+00,2.344151878356933594e+01,6.619818210601806641e+00,5.689035892486572266e+00
4.874411106109619141e+00,2.344151878356933594e+01,6.827195644378662109e+00,5.821607589721679688e+00
4.832983016967773438e+00,2.344151878356933594e+01,7.020608901977539062e+00,5.957418441772460938e+00
4.789730072021484375e+00,2.344151878356933594e+01,7.232559204101562500e+00,6.089107036590576172e+00
4.746791839599609375e+00,2.344151878356933594e+01,7.443255901336669922e+00,6.209621429443359375e+00
4.704566001892089844e+00,2.344151878356933594e+01,7.650031566619873047e+00,6.320447921752929688e+00
4.659392356872558594e+00,2.344151878356933594e+01,7.868201255798339844e+00,6.412583827972412109e+00
4.609411716461181641e+00,2.344151878356933594e+01,8.136013984680175781e+00,6.512236595153808594e+00
4.588476181030273438e+00,2.344151878356933594e+01,8.277425765991210938e+00,6.687236785888671875e+00
4.574723243713378906e+00,2.344151878356933594e+01,8.378468513488769531e+00,6.858730792999267578e+00
4.544235706329345703e+00,2.344151878356933594e+01,8.528119087219238281e+00,6.942322731018066406e+00
4.514276027679443359e+00,2.344151878356933594e+01,8.669139862060546875e+00,7.006409168243408203e+00
4.484965324401855469e+00,2.344151878356933594e+01,8.812556266784667969e+00,7.068072319030761719e+00
4.454736709594726562e+00,2.344151878356933594e+01,8.967300415039062500e+00,7.145485877990722656e+00
4.422948837280273438e+00,2.344151878356933594e+01,9.134100914001464844e+00,7.258164882659912109e+00
4.393877029418945312e+00,2.344151878356933594e+01,9.296986579895019531e+00,7.412966251373291016e+00
4.369645118713378906e+00,2.344151878356933594e+01,9.443970680236816406e+00,7.594259738922119141e+00
5.906381607055664062e+00,2.357172966003417969e+01,1.523853063583374023e+00,1.654022812843322754e+00
5.895054340362548828e+00,2.357172966003417969e+01,1.775295615196228027e+00,1.975342988967895508e+00
5.869181632995605469e+00,2.357172966003417969e+01,2.016365051269531250e+00,2.254973649978637695e+00
5.839998245239257812e+00,2.357172966003417969e+01,2.241925716400146484e+00,2.508246183395385742e+00
5.802730560302734375e+00,2.357172966003417969e+01,2.464768171310424805e+00,2.729292154312133789e+00
5.762762069702148438e+00,2.357172966003417969e+01,2.705074310302734375e+00,2.956772804260253906e+00
5.717339515686035156e+00,2.357172966003417969e+01,2.951460361480712891e+00,3.165369987487792969e+00
5.671195507049560547e+00,2.357172966003417969e+01,3.185736656188964844e+00,3.356219530105590820e+00
5.622333526611328125e+00,2.357172966003417969e+01,3.434495210647583008e+00,3.548191785812377930e+00
5.574703216552734375e+00,2.357172966003417969e+01,3.666916131973266602e+00,3.727099418640136719e+00
5.519080162048339844e+00,2.357172966003417969e+01,3.909276485443115234e+00,3.878255844116210938e+00
5.475144386291503906e+00,2.357172966003417969e+01,4.128076076507568359e+00,4.055570125579833984e+00
5.432424068450927734e+00,2.357172966003417969e+01,4.329740047454833984e+00,4.220687866210937500e+00
5.387328147888183594e+00,2.357172966003417969e+01,4.535180091857910156e+00,4.375046730041503906e+00
5.336885452270507812e+00,2.357172966003417969e+01,4.764702320098876953e+00,4.521652221679687500e+00
5.288340568542480469e+00,2.357172966003417969e+01,4.985302448272705078e+00,4.664820194244384766e+00
5.231047630310058594e+00,2.357172966003417969e+01,5.200147151947021484e+00,4.760329723358154297e+00
5.181861400604248047e+00,2.357172966003417969e+01,5.417435169219970703e+00,4.902536392211914062e+00
5.135120391845703125e+00,2.357172966003417969e+01,5.621027946472167969e+00,5.041153430938720703e+00
5.074379444122314453e+00,2.357172966003417969e+01,5.897501945495605469e+00,5.164076328277587891e+00
5.030837535858154297e+00,2.357172966003417969e+01,6.098563671112060547e+00,5.311094284057617188e+00
4.987133026123046875e+00,2.357172966003417969e+01,6.302059173583984375e+00,5.455643177032470703e+00
4.941901206970214844e+00,2.357172966003417969e+01,6.522106170654296875e+00,5.601948261260986328e+00
4.897999763488769531e+00,2.357172966003417969e+01,6.728106975555419922e+00,5.738530635833740234e+00
4.851793289184570312e+00,2.357172966003417969e+01,6.936775684356689453e+00,5.857850074768066406e+00
4.813091754913330078e+00,2.357172966003417969e+01,7.126399517059326172e+00,5.996990203857421875e+00
4.770541191101074219e+00,2.357172966003417969e+01,7.335074424743652344e+00,6.117589950561523438e+00
4.728199005126953125e+00,2.357172966003417969e+01,7.537879467010498047e+00,6.223327636718750000e+00
4.685993671417236328e+00,2.357172966003417969e+01,7.744908332824707031e+00,6.322839260101318359e+00
4.635607719421386719e+00,2.357172966003417969e+01,7.993492126464843750e+00,6.400641441345214844e+00
4.604428291320800781e+00,2.357172966003417969e+01,8.185601234436035156e+00,6.548324584960937500e+00
4.598457336425781250e+00,2.357172966003417969e+01,8.255580902099609375e+00,6.742708683013916016e+00
4.568492889404296875e+00,2.357172966003417969e+01,8.405645370483398438e+00,6.828043937683105469e+00
4.538377761840820312e+00,2.357172966003417969e+01,8.549392700195312500e+00,6.891361713409423828e+00
4.509323120117187500e+00,2.357172966003417969e+01,8.686733245849609375e+00,6.947496414184570312e+00
4.479094505310058594e+00,2.357172966003417969e+01,8.834544181823730469e+00,7.014864444732666016e+00
4.446962356567382812e+00,2.357172966003417969e+01,9.002936363220214844e+00,7.120682239532470703e+00
4.417067527770996094e+00,2.357172966003417969e+01,9.167464256286621094e+00,7.267122268676757812e+00
4.391740798950195312e+00,2.357172966003417969e+01,9.312103271484375000e+00,7.436653137207031250e+00
5.915243625640869141e+00,2.370173835754394531e+01,1.453253507614135742e+00,1.564368605613708496e+00
5.907907009124755859e+00,2.370173835754394531e+01,1.708775281906127930e+00,1.895970702171325684e+00
5.882041931152343750e+00,2.370173835754394531e+01,1.953328371047973633e+00,2.177752017974853516e+00
5.855419158935546875e+00,2.370173835754394531e+01,2.178804397583007812e+00,2.438128471374511719e+00
5.818135261535644531e+00,2.370173835754394531e+01,2.405509471893310547e+00,2.663168907165527344e+00
5.780652046203613281e+00,2.370173835754394531e+01,2.633569240570068359e+00,2.886284589767456055e+00
5.736729621887207031e+00,2.370173835754394531e+01,2.876888036727905273e+00,3.097742795944213867e+00
5.689916610717773438e+00,2.370173835754394531e+01,3.117623329162597656e+00,3.292186498641967773e+00
5.646433353424072266e+00,2.370173835754394531e+01,3.349401235580444336e+00,3.489349603652954102e+00
5.595600605010986328e+00,2.370173835754394531e+01,3.595403909683227539e+00,3.668002843856811523e+00
5.540480136871337891e+00,2.370173835754394531e+01,3.835848808288574219e+00,3.819239854812622070e+00
5.495609760284423828e+00,2.370173835754394531e+01,4.050300598144531250e+00,3.987467765808105469e+00
5.451514720916748047e+00,2.370173835754394531e+01,4.263720035552978516e+00,4.156071186065673828e+00
5.408986091613769531e+00,2.370173835754394531e+01,4.458065509796142578e+00,4.311635971069335938e+00
5.358525276184082031e+00,2.370173835754394531e+01,4.687628746032714844e+00,4.458254814147949219e+00
5.312029838562011719e+00,2.370173835754394531e+01,4.906657695770263672e+00,4.610148906707763672e+00
5.256418228149414062e+00,2.370173835754394531e+01,5.125133514404296875e+00,4.714799404144287109e+00
5.205462932586669922e+00,2.370173835754394531e+01,5.340990066528320312e+00,4.845146656036376953e+00
5.158068180084228516e+00,2.370173835754394531e+01,5.541821002960205078e+00,4.976886272430419922e+00
5.108870029449462891e+00,2.370173835754394531e+01,5.758460521697998047e+00,5.108155250549316406e+00
5.051780700683593750e+00,2.370173835754394531e+01,6.016112327575683594e+00,5.231014251708984375e+00
5.009330272674560547e+00,2.370173835754394531e+01,6.212122440338134766e+00,5.374651432037353516e+00
4.965696334838867188e+00,2.370173835754394531e+01,6.419693470001220703e+00,5.518310070037841797e+00
4.919180870056152344e+00,2.370173835754394531e+01,6.644484519958496094e+00,5.655050277709960938e+00
4.876409053802490234e+00,2.370173835754394531e+01,6.834190368652343750e+00,5.776819229125976562e+00
4.836107254028320312e+00,2.370173835754394531e+01,7.025451183319091797e+00,5.907088279724121094e+00
4.794188976287841797e+00,2.370173835754394531e+01,7.227373600006103516e+00,6.025225162506103516e+00
4.751978874206542969e+00,2.370173835754394531e+01,7.427888393402099609e+00,6.128469944000244141e+00
4.710615158081054688e+00,2.370173835754394531e+01,7.629038810729980469e+00,6.226407051086425781e+00
4.663293838500976562e+00,2.370173835754394531e+01,7.853503704071044922e+00,6.300322532653808594e+00
4.623170375823974609e+00,2.370173835754394531e+01,8.079577445983886719e+00,6.417844772338867188e+00
4.613138198852539062e+00,2.370173835754394531e+01,8.169799804687500000e+00,6.599096775054931641e+00
4.593434810638427734e+00,2.370173835754394531e+01,8.278903961181640625e+00,6.715364933013916016e+00
4.562785148620605469e+00,2.370173835754394531e+01,8.426095008850097656e+00,6.776292800903320312e+00
4.533564567565917969e+00,2.370173835754394531e+01,8.564311981201171875e+00,6.829351902008056641e+00
4.503767490386962891e+00,2.370173835754394531e+01,8.707502365112304688e+00,6.891042232513427734e+00
4.470601558685302734e+00,2.370173835754394531e+01,8.872589111328125000e+00,6.982532024383544922e+00
4.440362930297851562e+00,2.370173835754394531e+01,9.037970542907714844e+00,7.123562335968017578e+00
4.413464069366455078e+00,2.370173835754394531e+01,9.188687324523925781e+00,7.284904956817626953e+00
5.917686462402343750e+00,2.383194732666015625e+01,1.640895962715148926e+00,1.807901144027709961e+00
5.894455432891845703e+00,2.383194732666015625e+01,1.892003774642944336e+00,2.101512908935546875e+00
5.869400024414062500e+00,2.383194732666015625e+01,2.118156909942626953e+00,2.365896940231323242e+00
5.835544109344482422e+00,2.383194732666015625e+01,2.341284990310668945e+00,2.598368406295776367e+00
5.796796798706054688e+00,2.383194732666015625e+01,2.568758249282836914e+00,2.816146850585937500e+00
5.754488945007324219e+00,2.383194732666015625e+01,2.808643817901611328e+00,3.030119895935058594e+00
5.708263397216796875e+00,2.383194732666015625e+01,3.052491903305053711e+00,3.229756593704223633e+00
5.667364120483398438e+00,2.383194732666015625e+01,3.270629882812500000e+00,3.423001527786254883e+00
5.615280628204345703e+00,2.383194732666015625e+01,3.523108005523681641e+00,3.602362155914306641e+00
5.560170173645019531e+00,2.383194732666015625e+01,3.769546270370483398e+00,3.759104013442993164e+00
5.514301300048828125e+00,2.383194732666015625e+01,3.989050626754760742e+00,3.927309751510620117e+00
5.471784114837646484e+00,2.383194732666015625e+01,4.197516441345214844e+00,4.097176551818847656e+00
5.429172039031982422e+00,2.383194732666015625e+01,4.390398025512695312e+00,4.249873161315917969e+00
5.381328105926513672e+00,2.383194732666015625e+01,4.606724262237548828e+00,4.396636962890625000e+00
5.334770202636718750e+00,2.383194732666015625e+01,4.825948715209960938e+00,4.548719406127929688e+00
5.281637191772460938e+00,2.383194732666015625e+01,5.037871837615966797e+00,4.657900333404541016e+00
5.225741386413574219e+00,2.383194732666015625e+01,5.269567489624023438e+00,4.774965763092041016e+00
5.181301593780517578e+00,2.383194732666015625e+01,5.465379714965820312e+00,4.916659355163574219e+00
5.134572029113769531e+00,2.383194732666015625e+01,5.662022113800048828e+00,5.042728900909423828e+00
5.074342250823974609e+00,2.383194732666015625e+01,5.929396629333496094e+00,5.155932903289794922e+00
5.031706333160400391e+00,2.383194732666015625e+01,6.123370647430419922e+00,5.295826911926269531e+00
4.988873958587646484e+00,2.383194732666015625e+01,6.320741176605224609e+00,5.434318065643310547e+00
4.942906856536865234e+00,2.383194732666015625e+01,6.545579433441162109e+00,5.573359966278076172e+00
4.899732589721679688e+00,2.383194732666015625e+01,6.740330219268798828e+00,5.695635318756103516e+00
4.859682083129882812e+00,2.383194732666015625e+01,6.919364452362060547e+00,5.816186428070068359e+00
4.817750930786132812e+00,2.383194732666015625e+01,7.120193004608154297e+00,5.932774543762207031e+00
4.776714801788330078e+00,2.383194732666015625e+01,7.315216541290283203e+00,6.037006855010986328e+00
4.735065937042236328e+00,2.383194732666015625e+01,7.513457298278808594e+00,6.129225730895996094e+00
4.690368175506591797e+00,2.383194732666015625e+01,7.723552703857421875e+00,6.204959869384765625e+00
4.642497062683105469e+00,2.383194732666015625e+01,7.960796833038330078e+00,6.281468868255615234e+00
4.631492137908935547e+00,2.383194732666015625e+01,8.076399803161621094e+00,6.473164081573486328e+00
4.616173744201660156e+00,2.383194732666015625e+01,8.168957710266113281e+00,6.602220535278320312e+00
4.587559700012207031e+00,2.383194732666015625e+01,8.301688194274902344e+00,6.662882804870605469e+00
4.558216094970703125e+00,2.383194732666015625e+01,8.439448356628417969e+00,6.712311744689941406e+00
4.528163433074951172e+00,2.383194732666015625e+01,8.582971572875976562e+00,6.768609523773193359e+00
4.495590209960937500e+00,2.383194732666015625e+01,8.743528366088867188e+00,6.855642318725585938e+00
4.462859630584716797e+00,2.383194732666015625e+01,8.910597801208496094e+00,6.977983951568603516e+00
4.436633110046386719e+00,2.383194732666015625e+01,9.062082290649414062e+00,7.142026901245117188e+00
5.926805019378662109e+00,2.396195602416992188e+01,1.573156118392944336e+00,1.719171762466430664e+00
5.909605026245117188e+00,2.396195602416992188e+01,1.821424961090087891e+00,2.022769927978515625e+00
5.883042335510253906e+00,2.396195602416992188e+01,2.057763338088989258e+00,2.292991876602172852e+00
5.852569103240966797e+00,2.396195602416992188e+01,2.276964187622070312e+00,2.531735897064208984e+00
5.813967704772949219e+00,2.396195602416992188e+01,2.499281883239746094e+00,2.744390726089477539e+00
5.774112701416015625e+00,2.396195602416992188e+01,2.736356496810913086e+00,2.965080499649047852e+00
5.728662967681884766e+00,2.396195602416992188e+01,2.978479623794555664e+00,3.166056156158447266e+00
5.683845043182373047e+00,2.396195602416992188e+01,3.204609394073486328e+00,3.350792169570922852e+00
5.636589527130126953e+00,2.396195602416992188e+01,3.450244188308715820e+00,3.543045520782470703e+00
5.587370395660400391e+00,2.396195602416992188e+01,3.679205894470214844e+00,3.707906246185302734e+00
5.535604953765869141e+00,2.396195602416992188e+01,3.913603305816650391e+00,3.864968538284301758e+00
5.492662906646728516e+00,2.396195602416992188e+01,4.126655578613281250e+00,4.036798000335693359e+00
5.449935436248779297e+00,2.396195602416992188e+01,4.320858001708984375e+00,4.189116001129150391e+00
5.403513908386230469e+00,2.396195602416992188e+01,4.528068065643310547e+00,4.333720207214355469e+00
5.355251789093017578e+00,2.396195602416992188e+01,4.748075962066650391e+00,4.478044033050537109e+00
5.306015014648437500e+00,2.396195602416992188e+01,4.966058254241943359e+00,4.611058712005615234e+00
5.250225543975830078e+00,2.396195602416992188e+01,5.179644584655761719e+00,4.710019588470458984e+00
5.205208778381347656e+00,2.396195602416992188e+01,5.387056350708007812e+00,4.858734607696533203e+00
5.159171104431152344e+00,2.396195602416992188e+01,5.581922054290771484e+00,4.985765457153320312e+00
5.100277900695800781e+00,2.396195602416992188e+01,5.828870773315429688e+00,5.086651325225830078e+00
5.053481101989746094e+00,2.396195602416992188e+01,6.036946773529052734e+00,5.216045856475830078e+00
5.010233402252197266e+00,2.396195602416992188e+01,6.232667922973632812e+00,5.349600791931152344e+00
4.965700626373291016e+00,2.396195602416992188e+01,6.445487976074218750e+00,5.485270500183105469e+00
4.922270298004150391e+00,2.396195602416992188e+01,6.651657104492187500e+00,5.614500999450683594e+00
4.878519535064697266e+00,2.396195602416992188e+01,6.839819908142089844e+00,5.719662189483642578e+00
4.841272830963134766e+00,2.396195602416992188e+01,7.016181468963623047e+00,5.842104434967041016e+00
4.800227642059326172e+00,2.396195602416992188e+01,7.211188793182373047e+00,5.945224761962890625e+00
4.759509086608886719e+00,2.396195602416992188e+01,7.400012969970703125e+00,6.033997058868408203e+00
4.717466354370117188e+00,2.396195602416992188e+01,7.598808765411376953e+00,6.114001274108886719e+00
4.668494701385498047e+00,2.396195602416992188e+01,7.832871913909912109e+00,6.177655696868896484e+00
4.643461227416992188e+00,2.396195602416992188e+01,7.993611812591552734e+00,6.318412303924560547e+00
4.636777877807617188e+00,2.396195602416992188e+01,8.062191009521484375e+00,6.478372573852539062e+00
4.611598968505859375e+00,2.396195602416992188e+01,8.187017440795898438e+00,6.552821636199951172e+00
4.582695960998535156e+00,2.396195602416992188e+01,8.318481445312500000e+00,6.598229885101318359e+00
4.552780151367187500e+00,2.396195602416992188e+01,8.456007003784179688e+00,6.647347450256347656e+00
4.519665718078613281e+00,2.396195602416992188e+01,8.618282318115234375e+00,6.727584362030029297e+00
4.487040519714355469e+00,2.396195602416992188e+01,8.785712242126464844e+00,6.847574710845947266e+00
4.457833290100097656e+00,2.396195602416992188e+01,8.939794540405273438e+00,6.992285251617431641e+00
5.930826187133789062e+00,2.409216690063476562e+01,1.509545207023620605e+00,1.625092267990112305e+00
5.922377109527587891e+00,2.409216690063476562e+01,1.756544232368469238e+00,1.944073677062988281e+00
5.897016048431396484e+00,2.409216690063476562e+01,1.991406679153442383e+00,2.214512586593627930e+00
5.869418144226074219e+00,2.409216690063476562e+01,2.213100433349609375e+00,2.464770317077636719e+00
5.831200122833251953e+00,2.409216690063476562e+01,2.432328224182128906e+00,2.675355434417724609e+00
5.794123649597167969e+00,2.409216690063476562e+01,2.659421205520629883e+00,2.895783901214599609e+00
5.749026298522949219e+00,2.409216690063476562e+01,2.901834726333618164e+00,3.099058866500854492e+00
5.702794075012207031e+00,2.409216690063476562e+01,3.134799480438232422e+00,3.284970521926879883e+00
5.660152912139892578e+00,2.409216690063476562e+01,3.364772081375122070e+00,3.480090141296386719e+00
5.614370346069335938e+00,2.409216690063476562e+01,3.595727443695068359e+00,3.662507534027099609e+00
5.557432174682617188e+00,2.409216690063476562e+01,3.836269378662109375e+00,3.802672624588012695e+00
5.513398170471191406e+00,2.409216690063476562e+01,4.047227382659912109e+00,3.967433214187622070e+00
5.470143318176269531e+00,2.409216690063476562e+01,4.251351356506347656e+00,4.125919818878173828e+00
5.425828933715820312e+00,2.409216690063476562e+01,4.449726581573486328e+00,4.271417140960693359e+00
5.375716686248779297e+00,2.409216690063476562e+01,4.675714492797851562e+00,4.412095069885253906e+00
5.330638408660888672e+00,2.409216690063476562e+01,4.883910179138183594e+00,4.556412696838378906e+00
5.277438640594482422e+00,2.409216690063476562e+01,5.098031997680664062e+00,4.666655063629150391e+00
5.227140426635742188e+00,2.409216690063476562e+01,5.312193870544433594e+00,4.793463706970214844e+00
5.182504177093505859e+00,2.409216690063476562e+01,5.504065036773681641e+00,4.924351215362548828e+00
5.134355545043945312e+00,2.409216690063476562e+01,5.697025299072265625e+00,5.033284187316894531e+00
5.074885368347167969e+00,2.409216690063476562e+01,5.955076217651367188e+00,5.138235569000244141e+00
5.032742023468017578e+00,2.409216690063476562e+01,6.143697261810302734e+00,5.270444869995117188e+00
4.990736007690429688e+00,2.409216690063476562e+01,6.338913917541503906e+00,5.404179573059082031e+00
4.943479061126708984e+00,2.409216690063476562e+01,6.568415641784667969e+00,5.530960083007812500e+00
4.902375221252441406e+00,2.409216690063476562e+01,6.747796535491943359e+00,5.641625881195068359e+00
4.865350723266601562e+00,2.409216690063476562e+01,6.911437988281250000e+00,5.753912925720214844e+00
4.824354171752929688e+00,2.409216690063476562e+01,7.102313995361328125e+00,5.853075027465820312e+00
4.783987045288085938e+00,2.409216690063476562e+01,7.289610862731933594e+00,5.941351890563964844e+00
4.743737220764160156e+00,2.409216690063476562e+01,7.477145671844482422e+00,6.020696163177490234e+00
4.696168899536132812e+00,2.409216690063476562e+01,7.692744255065917969e+00,6.074846744537353516e+00
4.661068916320800781e+00,2.409216690063476562e+01,7.891592502593994141e+00,6.183894634246826172e+00
4.660396575927734375e+00,2.409216690063476562e+01,7.948104858398437500e+00,6.367906093597412109e+00
4.635678768157958984e+00,2.409216690063476562e+01,8.070320129394531250e+00,6.441441059112548828e+00
4.606939315795898438e+00,2.409216690063476562e+01,8.201786041259765625e+00,6.486626625061035156e+00
4.577188968658447266e+00,2.409216690063476562e+01,8.337267875671386719e+00,6.532252788543701172e+00
4.543866157531738281e+00,2.409216690063476562e+01,8.491530418395996094e+00,6.600369930267333984e+00
4.510974884033203125e+00,2.409216690063476562e+01,8.660238265991210938e+00,6.715991497039794922e+00
4.480815887451171875e+00,2.409216690063476562e+01,8.815857887268066406e+00,6.854587078094482422e+00
5.934391498565673828e+00,2.422217750549316406e+01,1.687776327133178711e+00,1.859491348266601562e+00
5.909924030303955078e+00,2.422217750549316406e+01,1.927466750144958496e+00,2.135819673538208008e+00
5.884400367736816406e+00,2.422217750549316406e+01,2.150092363357543945e+00,2.392477750778198242e+00
5.847842216491699219e+00,2.422217750549316406e+01,2.372562170028686523e+00,2.611945629119873047e+00
5.811040878295898438e+00,2.422217750549316406e+01,2.589707612991333008e+00,2.822152137756347656e+00
5.768405914306640625e+00,2.422217750549316406e+01,2.827886581420898438e+00,3.030567884445190430e+00
5.721872806549072266e+00,2.422217750549316406e+01,3.066829442977905273e+00,3.221527576446533203e+00
5.682171344757080078e+00,2.422217750549316406e+01,3.281176328659057617e+00,3.412170171737670898e+00
5.632581233978271484e+00,2.422217750549316406e+01,3.529054164886474609e+00,3.594887256622314453e+00
5.578755378723144531e+00,2.422217750549316406e+01,3.768483161926269531e+00,3.747109413146972656e+00
5.532145500183105469e+00,2.422217750549316406e+01,3.985476493835449219e+00,3.905991792678833008e+00
5.490391254425048828e+00,2.422217750549316406e+01,4.187384128570556641e+00,4.068531990051269531e+00
5.447883605957031250e+00,2.422217750549316406e+01,4.374433517456054688e+00,4.210634231567382812e+00
5.398418903350830078e+00,2.422217750549316406e+01,4.595349788665771484e+00,4.349259376525878906e+00
5.353660583496093750e+00,2.422217750549316406e+01,4.803004741668701172e+00,4.495015144348144531e+00
5.300552845001220703e+00,2.422217750549316406e+01,5.014338970184326172e+00,4.601021766662597656e+00
5.248441219329833984e+00,2.422217750549316406e+01,5.239511013031005859e+00,4.726723194122314453e+00
5.204920768737792969e+00,2.422217750549316406e+01,5.431135654449462891e+00,4.862701892852783203e+00
5.159557342529296875e+00,2.422217750549316406e+01,5.613156318664550781e+00,4.975661277770996094e+00
5.102884292602539062e+00,2.422217750549316406e+01,5.849639415740966797e+00,5.074815273284912109e+00
5.055438041687011719e+00,2.422217750549316406e+01,6.055495262145996094e+00,5.193002700805664062e+00
5.012630462646484375e+00,2.422217750549316406e+01,6.245739459991455078e+00,5.317348003387451172e+00
4.968747615814208984e+00,2.422217750549316406e+01,6.459605693817138672e+00,5.448438644409179688e+00
4.924932003021240234e+00,2.422217750549316406e+01,6.659304141998291016e+00,5.559451103210449219e+00
4.884238719940185547e+00,2.422217750549316406e+01,6.832570075988769531e+00,5.657939434051513672e+00
4.848634243011474609e+00,2.422217750549316406e+01,6.995340824127197266e+00,5.763509273529052734e+00
4.808301925659179688e+00,2.422217750549316406e+01,7.181952476501464844e+00,5.849899291992187500e+00
4.768527984619140625e+00,2.422217750549316406e+01,7.363393306732177734e+00,5.925465583801269531e+00
4.724860191345214844e+00,2.422217750549316406e+01,7.559526920318603516e+00,5.983355045318603516e+00
4.681111335754394531e+00,2.422217750549316406e+01,7.784126758575439453e+00,6.060751438140869141e+00
4.670289516448974609e+00,2.422217750549316406e+01,7.881142616271972656e+00,6.213675022125244141e+00
4.660397529602050781e+00,2.422217750549316406e+01,7.950263023376464844e+00,6.331608772277832031e+00
4.631644725799560547e+00,2.422217750549316406e+01,8.082360267639160156e+00,6.375684261322021484e+00
4.601596832275390625e+00,2.422217750549316406e+01,8.218844413757324219e+00,6.417921543121337891e+00
4.568664550781250000e+00,2.422217750549316406e+01,8.370754241943359375e+00,6.482550621032714844e+00
4.534144401550292969e+00,2.422217750549316406e+01,8.534751892089843750e+00,6.580748558044433594e+00
4.504112720489501953e+00,2.422217750549316406e+01,8.697460174560546875e+00,6.723258972167968750e+00
5.944190025329589844e+00,2.435218620300292969e+01,1.621233463287353516e+00,1.772589087486267090e+00
5.923956871032714844e+00,2.435218620300292969e+01,1.864651560783386230e+00,2.061843395233154297e+00
5.898947238922119141e+00,2.435218620300292969e+01,2.087675809860229492e+00,2.319301843643188477e+00
5.866290092468261719e+00,2.435218620300292969e+01,2.305680036544799805e+00,2.546596050262451172e+00
5.827250003814697266e+00,2.435218620300292969e+01,2.526574373245239258e+00,2.753029108047485352e+00
5.787131309509277344e+00,2.435218620300292969e+01,2.758898496627807617e+00,2.964410543441772461e+00
5.741238117218017578e+00,2.435218620300292969e+01,3.000043869018554688e+00,3.160204172134399414e+00
5.699404239654541016e+00,2.435218620300292969e+01,3.210734605789184570e+00,3.337656021118164062e+00
5.653543472290039062e+00,2.435218620300292969e+01,3.453132867813110352e+00,3.529673099517822266e+00
5.601558685302734375e+00,2.435218620300292969e+01,3.689321756362915039e+00,3.686441898345947266e+00
5.553639411926269531e+00,2.435218620300292969e+01,3.909700870513916016e+00,3.842959403991699219e+00
5.512022972106933594e+00,2.435218620300292969e+01,4.117295742034912109e+00,4.011595726013183594e+00
5.469317913055419922e+00,2.435218620300292969e+01,4.304206371307373047e+00,4.151943206787109375e+00
5.421441555023193359e+00,2.435218620300292969e+01,4.514176845550537109e+00,4.287072181701660156e+00
5.375294208526611328e+00,2.435218620300292969e+01,4.725143432617187500e+00,4.428924083709716797e+00
5.325928688049316406e+00,2.435218620300292969e+01,4.936803340911865234e+00,4.552494525909423828e+00
5.270725250244140625e+00,2.435218620300292969e+01,5.155291080474853516e+00,4.654853343963623047e+00
5.227770328521728516e+00,2.435218620300292969e+01,5.355332851409912109e+00,4.800708293914794922e+00
5.184813499450683594e+00,2.435218620300292969e+01,5.538025379180908203e+00,4.926132202148437500e+00
5.131253719329833984e+00,2.435218620300292969e+01,5.741462707519531250e+00,5.011076927185058594e+00
5.079069137573242188e+00,2.435218620300292969e+01,5.965361595153808594e+00,5.118963718414306641e+00
5.034648895263671875e+00,2.435218620300292969e+01,6.157150268554687500e+00,5.235075473785400391e+00
4.991598129272460938e+00,2.435218620300292969e+01,6.358191013336181641e+00,5.358742713928222656e+00
4.951528072357177734e+00,2.435218620300292969e+01,6.558011531829833984e+00,5.489015102386474609e+00
4.906871795654296875e+00,2.435218620300292969e+01,6.748013973236083984e+00,5.578070640563964844e+00
4.872485160827636719e+00,2.435218620300292969e+01,6.892314434051513672e+00,5.674447059631347656e+00
4.833080291748046875e+00,2.435218620300292969e+01,7.071993350982666016e+00,5.759300708770751953e+00
4.793448925018310547e+00,2.435218620300292969e+01,7.252111434936523438e+00,5.833103179931640625e+00
4.752215862274169922e+00,2.435218620300292969e+01,7.437789916992187500e+00,5.893922328948974609e+00
4.704631805419921875e+00,2.435218620300292969e+01,7.648478507995605469e+00,5.935825824737548828e+00
4.688225269317626953e+00,2.435218620300292969e+01,7.782782077789306641e+00,6.083386898040771484e+00
4.681919574737548828e+00,2.435218620300292969e+01,7.848858356475830078e+00,6.218065261840820312e+00
4.656337738037109375e+00,2.435218620300292969e+01,7.965228557586669922e+00,6.267098903656005859e+00
4.626341819763183594e+00,2.435218620300292969e+01,8.097334861755371094e+00,6.304472923278808594e+00
4.592784881591796875e+00,2.435218620300292969e+01,8.252384185791015625e+00,6.364132404327392578e+00
4.558699607849121094e+00,2.435218620300292969e+01,8.415228843688964844e+00,6.460470199584960938e+00
4.526413440704345703e+00,2.435218620300292969e+01,8.574273109436035156e+00,6.583989143371582031e+00
5.947958946228027344e+00,2.448239517211914062e+01,1.554357886314392090e+00,1.673176646232604980e+00
5.937826156616210938e+00,2.448239517211914062e+01,1.792277812957763672e+00,1.977075815200805664e+00
5.912799358367919922e+00,2.448239517211914062e+01,2.023805856704711914e+00,2.242495059967041016e+00
5.883801937103271484e+00,2.448239517211914062e+01,2.241070508956909180e+00,2.480296134948730469e+00
5.845746994018554688e+00,2.448239517211914062e+01,2.453881025314331055e+00,2.681467771530151367e+00
5.807704448699951172e+00,2.448239517211914062e+01,2.681712627410888672e+00,2.895956277847290039e+00
5.762749671936035156e+00,2.448239517211914062e+01,2.920339107513427734e+00,3.093307018280029297e+00
5.717685699462890625e+00,2.448239517211914062e+01,3.143371105194091797e+00,3.270614385604858398e+00
5.676281452178955078e+00,2.448239517211914062e+01,3.371769428253173828e+00,3.466280698776245117e+00
5.633109569549560547e+00,2.448239517211914062e+01,3.591492891311645508e+00,3.645352840423583984e+00
5.574985504150390625e+00,2.448239517211914062e+01,3.835437059402465820e+00,3.780299425125122070e+00
5.532654762268066406e+00,2.448239517211914062e+01,4.037382602691650391e+00,3.940132856369018555e+00
5.490097999572753906e+00,2.448239517211914062e+01,4.234605312347412109e+00,4.090875148773193359e+00
5.445050716400146484e+00,2.448239517211914062e+01,4.430975437164306641e+00,4.225609302520751953e+00
5.394745349884033203e+00,2.448239517211914062e+01,4.657374382019042969e+00,4.361179351806640625e+00
5.350429534912109375e+00,2.448239517211914062e+01,4.855038166046142578e+00,4.495965480804443359e+00
5.300067424774169922e+00,2.448239517211914062e+01,5.062776088714599609e+00,4.611077308654785156e+00
5.250393867492675781e+00,2.448239517211914062e+01,5.278805255889892578e+00,4.736741542816162109e+00
5.206284046173095703e+00,2.448239517211914062e+01,5.465042591094970703e+00,4.858846187591552734e+00
5.161480903625488281e+00,2.448239517211914062e+01,5.630148887634277344e+00,4.954288482666015625e+00
5.106377124786376953e+00,2.448239517211914062e+01,5.865620136260986328e+00,5.055870532989501953e+00
5.057760238647460938e+00,2.448239517211914062e+01,6.068132400512695312e+00,5.158060073852539062e+00
5.016574382781982422e+00,2.448239517211914062e+01,6.253303050994873047e+00,5.277569770812988281e+00
4.972453117370605469e+00,2.448239517211914062e+01,6.464227676391601562e+00,5.394240379333496094e+00
4.930044174194335938e+00,2.448239517211914062e+01,6.655946254730224609e+00,5.495143413543701172e+00
4.896560192108154297e+00,2.448239517211914062e+01,6.789104461669921875e+00,5.586409568786621094e+00
4.857732772827148438e+00,2.448239517211914062e+01,6.964607238769531250e+00,5.669915676116943359e+00
4.818377494812011719e+00,2.448239517211914062e+01,7.141065597534179688e+00,5.740750789642333984e+00
4.778765201568603516e+00,2.448239517211914062e+01,7.317814350128173828e+00,5.801692008972167969e+00
4.733392715454101562e+00,2.448239517211914062e+01,7.517705917358398438e+00,5.844024658203125000e+00
4.699099540710449219e+00,2.448239517211914062e+01,7.708623409271240234e+00,5.934307098388671875e+00
4.699202537536621094e+00,2.448239517211914062e+01,7.757583618164062500e+00,6.088334560394287109e+00
4.680381774902343750e+00,2.448239517211914062e+01,7.853683471679687500e+00,6.159402847290039062e+00
4.650930881500244141e+00,2.448239517211914062e+01,7.983181476593017578e+00,6.196390628814697266e+00
4.617420673370361328e+00,2.448239517211914062e+01,8.129790306091308594e+00,6.246622562408447266e+00
4.582772254943847656e+00,2.448239517211914062e+01,8.294955253601074219e+00,6.337912559509277344e+00
4.550187587738037109e+00,2.448239517211914062e+01,8.454097747802734375e+00,6.458005905151367188e+00
5.958154678344726562e+00,2.461240196228027344e+01,1.481731414794921875e+00,1.582966208457946777e+00
5.951430320739746094e+00,2.461240196228027344e+01,1.726083636283874512e+00,1.898521184921264648e+00
5.927075386047363281e+00,2.461240196228027344e+01,1.956763267517089844e+00,2.163676977157592773e+00
5.901812553405761719e+00,2.461240196228027344e+01,2.172903776168823242e+00,2.411403656005859375e+00
5.861870288848876953e+00,2.461240196228027344e+01,2.395608425140380859e+00,2.617079257965087891e+00
5.825926780700683594e+00,2.461240196228027344e+01,2.608840942382812500e+00,2.822919607162475586e+00
5.783192157745361328e+00,2.461240196228027344e+01,2.843033790588378906e+00,3.024163484573364258e+00
5.737211227416992188e+00,2.461240196228027344e+01,3.074809074401855469e+00,3.207307100296020508e+00
5.698464393615722656e+00,2.461240196228027344e+01,3.287389278411865234e+00,3.397273063659667969e+00
5.652727603912353516e+00,2.461240196228027344e+01,3.523141384124755859e+00,3.581250905990600586e+00
5.599102497100830078e+00,2.461240196228027344e+01,3.760874509811401367e+00,3.729313373565673828e+00
5.552329540252685547e+00,2.461240196228027344e+01,3.968944549560546875e+00,3.875392913818359375e+00
5.510502815246582031e+00,2.461240196228027344e+01,4.172012805938720703e+00,4.034567356109619141e+00
5.467959403991699219e+00,2.461240196228027344e+01,4.353254795074462891e+00,4.165964126586914062e+00
5.417851448059082031e+00,2.461240196228027344e+01,4.574505805969238281e+00,4.296991348266601562e+00
5.374011516571044922e+00,2.461240196228027344e+01,4.774366378784179688e+00,4.435959339141845703e+00
5.324104785919189453e+00,2.461240196228027344e+01,4.976705551147460938e+00,4.547112464904785156e+00
5.273135662078857422e+00,2.461240196228027344e+01,5.203167438507080078e+00,4.674240589141845703e+00
5.228295326232910156e+00,2.461240196228027344e+01,5.396005153656005859e+00,4.797714233398437500e+00
5.185693740844726562e+00,2.461240196228027344e+01,5.561277866363525391e+00,4.903547763824462891e+00
5.135115623474121094e+00,2.461240196228027344e+01,5.756178855895996094e+00,4.991632461547851562e+00
5.085159778594970703e+00,2.461240196228027344e+01,5.970807075500488281e+00,5.096261978149414062e+00
5.039061546325683594e+00,2.461240196228027344e+01,6.160659790039062500e+00,5.193533897399902344e+00
4.997997283935546875e+00,2.461240196228027344e+01,6.353683948516845703e+00,5.310423374176025391e+00
4.954282760620117188e+00,2.461240196228027344e+01,6.555363655090332031e+00,5.411126136779785156e+00
4.914248466491699219e+00,2.461240196228027344e+01,6.738638877868652344e+00,5.506453990936279297e+00
4.881834506988525391e+00,2.461240196228027344e+01,6.861994743347167969e+00,5.581023693084716797e+00
4.843546867370605469e+00,2.461240196228027344e+01,7.032091140747070312e+00,5.651280879974365234e+00
4.805023193359375000e+00,2.461240196228027344e+01,7.201358318328857422e+00,5.710884571075439453e+00
4.761303901672363281e+00,2.461240196228027344e+01,7.391206264495849609e+00,5.751637458801269531e+00
4.722581386566162109e+00,2.461240196228027344e+01,7.576549053192138672e+00,5.811169624328613281e+00
4.719612598419189453e+00,2.461240196228027344e+01,7.651751041412353516e+00,5.966428279876708984e+00
4.704217910766601562e+00,2.461240196228027344e+01,7.742430686950683594e+00,6.051067352294921875e+00
4.675621509552001953e+00,2.461240196228027344e+01,7.868638515472412109e+00,6.088750839233398438e+00
4.642313003540039062e+00,2.461240196228027344e+01,8.014814376831054688e+00,6.137365341186523438e+00
4.606441020965576172e+00,2.461240196228027344e+01,8.174551963806152344e+00,6.214176654815673828e+00
4.573451995849609375e+00,2.461240196228027344e+01,8.339280128479003906e+00,6.333912849426269531e+00
5.971939086914062500e+00,2.474241447448730469e+01,1.401007533073425293e+00,1.492091894149780273e+00
5.962131500244140625e+00,2.474241447448730469e+01,1.655482649803161621e+00,1.808420658111572266e+00
5.939710617065429688e+00,2.474241447448730469e+01,1.894379615783691406e+00,2.085561752319335938e+00
5.916058540344238281e+00,2.474241447448730469e+01,2.110668420791625977e+00,2.336844921112060547e+00
5.881149291992187500e+00,2.474241447448730469e+01,2.328492164611816406e+00,2.553556919097900391e+00
5.843021869659423828e+00,2.474241447448730469e+01,2.542873144149780273e+00,2.753042697906494141e+00
5.802148342132568359e+00,2.474241447448730469e+01,2.772850036621093750e+00,2.956495761871337891e+00
5.756420612335205078e+00,2.474241447448730469e+01,3.011097669601440430e+00,3.147475719451904297e+00
5.716377258300781250e+00,2.474241447448730469e+01,3.213281393051147461e+00,3.320849657058715820e+00
5.672722816467285156e+00,2.474241447448730469e+01,3.447655916213989258e+00,3.511421203613281250e+00
5.621959209442138672e+00,2.474241447448730469e+01,3.683325529098510742e+00,3.669510602951049805e+00
5.573330879211425781e+00,2.474241447448730469e+01,3.899195194244384766e+00,3.814813375473022461e+00
5.533204555511474609e+00,2.474241447448730469e+01,4.096122741699218750e+00,3.975878715515136719e+00
5.490253448486328125e+00,2.474241447448730469e+01,4.282155036926269531e+00,4.109695434570312500e+00
5.441951751708984375e+00,2.474241447448730469e+01,4.489346981048583984e+00,4.235314846038818359e+00
5.396704673767089844e+00,2.474241447448730469e+01,4.696344375610351562e+00,4.373883724212646484e+00
5.347906589508056641e+00,2.474241447448730469e+01,4.900388240814208984e+00,4.490783691406250000e+00
5.294163703918457031e+00,2.474241447448730469e+01,5.120054244995117188e+00,4.596724510192871094e+00
5.252022743225097656e+00,2.474241447448730469e+01,5.318271636962890625e+00,4.737397193908691406e+00
5.209546089172363281e+00,2.474241447448730469e+01,5.492008686065673828e+00,4.850612640380859375e+00
5.164525985717773438e+00,2.474241447448730469e+01,5.644324302673339844e+00,4.928539752960205078e+00
5.111213207244873047e+00,2.474241447448730469e+01,5.874986648559570312e+00,5.028946876525878906e+00
5.063415527343750000e+00,2.474241447448730469e+01,6.071655750274658203e+00,5.121860980987548828e+00
5.020174026489257812e+00,2.474241447448730469e+01,6.259075164794921875e+00,5.222036838531494141e+00
4.983294486999511719e+00,2.474241447448730469e+01,6.431011676788330078e+00,5.333049297332763672e+00
4.937858581542968750e+00,2.474241447448730469e+01,6.638996124267578125e+00,5.418572902679443359e+00
4.906818866729736328e+00,2.474241447448730469e+01,6.757277488708496094e+00,5.495185852050781250e+00
4.868098735809326172e+00,2.474241447448730469e+01,6.926233768463134766e+00,5.560862541198730469e+00
4.830466747283935547e+00,2.474241447448730469e+01,7.090072631835937500e+00,5.619622707366943359e+00
4.790852069854736328e+00,2.474241447448730469e+01,7.259969234466552734e+00,5.664447307586669922e+00
4.744908332824707031e+00,2.474241447448730469e+01,7.464966773986816406e+00,5.698476314544677734e+00
4.729321002960205078e+00,2.474241447448730469e+01,7.589459896087646484e+00,5.821106433868408203e+00
4.727604389190673828e+00,2.474241447448730469e+01,7.633906364440917969e+00,5.942928314208984375e+00
4.700513362884521484e+00,2.474241447448730469e+01,7.752118110656738281e+00,5.981947422027587891e+00
4.666710853576660156e+00,2.474241447448730469e+01,7.900487422943115234e+00,6.027279853820800781e+00
4.631538867950439453e+00,2.474241447448730469e+01,8.058918952941894531e+00,6.103862762451171875e+00
4.596537590026855469e+00,2.474241447448730469e+01,8.218752861022949219e+00,6.205627918243408203e+00
5.973611831665039062e+00,2.487242507934570312e+01,1.328265786170959473e+00,1.388803482055664062e+00
5.972527503967285156e+00,2.487242507934570312e+01,1.585445642471313477e+00,1.719117045402526855e+00
5.955013275146484375e+00,2.487242507934570312e+01,1.825577616691589355e+00,2.007835865020751953e+00
5.930526733398437500e+00,2.487242507934570312e+01,2.048585653305053711e+00,2.263210058212280273e+00
5.900177478790283203e+00,2.487242507934570312e+01,2.259895086288452148e+00,2.487206459045410156e+00
5.860944747924804688e+00,2.487242507934570312e+01,2.472741365432739258e+00,2.681515693664550781e+00
5.822803497314453125e+00,2.487242507934570312e+01,2.697168588638305664e+00,2.888939619064331055e+00
5.778264522552490234e+00,2.487242507934570312e+01,2.930799245834350586e+00,3.080090522766113281e+00
5.733403205871582031e+00,2.487242507934570312e+01,3.149811029434204102e+00,3.251691102981567383e+00
5.695765972137451172e+00,2.487242507934570312e+01,3.369623184204101562e+00,3.451850891113281250e+00
5.651653766632080078e+00,2.487242507934570312e+01,3.582801818847656250e+00,3.616193056106567383e+00
5.595116615295410156e+00,2.487242507934570312e+01,3.825925111770629883e+00,3.753905296325683594e+00
5.553821563720703125e+00,2.487242507934570312e+01,4.017028331756591797e+00,3.904103994369506836e+00
5.511830329895019531e+00,2.487242507934570312e+01,4.211010456085205078e+00,4.050030708312988281e+00
5.465820312500000000e+00,2.487242507934570312e+01,4.406679630279541016e+00,4.174833774566650391e+00
5.416305065155029297e+00,2.487242507934570312e+01,4.626913547515869141e+00,4.304528713226318359e+00
5.371653079986572266e+00,2.487242507934570312e+01,4.820905208587646484e+00,4.431414127349853516e+00
5.322937011718750000e+00,2.487242507934570312e+01,5.019239902496337891e+00,4.541559696197509766e+00
5.275306224822998047e+00,2.487242507934570312e+01,5.239305496215820312e+00,4.673746585845947266e+00
5.230471134185791016e+00,2.487242507934570312e+01,5.422817230224609375e+00,4.782704830169677734e+00
5.188792705535888672e+00,2.487242507934570312e+01,5.567447662353515625e+00,4.869543075561523438e+00
5.140682697296142578e+00,2.487242507934570312e+01,5.765353202819824219e+00,4.967142581939697266e+00
5.092197895050048828e+00,2.487242507934570312e+01,5.972724914550781250e+00,5.064521789550781250e+00
5.045173645019531250e+00,2.487242507934570312e+01,6.156524181365966797e+00,5.141378879547119141e+00
5.004151344299316406e+00,2.487242507934570312e+01,6.342993259429931641e+00,5.241905212402343750e+00
4.965785026550292969e+00,2.487242507934570312e+01,6.512817382812500000e+00,5.332024097442626953e+00
4.926968574523925781e+00,2.487242507934570312e+01,6.703637123107910156e+00,5.425245285034179688e+00
4.893228530883789062e+00,2.487242507934570312e+01,6.819702148437500000e+00,5.472807407379150391e+00
4.855553627014160156e+00,2.487242507934570312e+01,6.983791828155517578e+00,5.530512809753417969e+00
4.817588806152343750e+00,2.487242507934570312e+01,7.144013881683349609e+00,5.574975490570068359e+00
4.772150516510009766e+00,2.487242507934570312e+01,7.331971168518066406e+00,5.595730781555175781e+00
4.746972560882568359e+00,2.487242507934570312e+01,7.481032371520996094e+00,5.685187339782714844e+00
4.744481086730957031e+00,2.487242507934570312e+01,7.545948982238769531e+00,5.816608905792236328e+00
4.724932193756103516e+00,2.487242507934570312e+01,7.643383026123046875e+00,5.879589080810546875e+00
4.691698074340820312e+00,2.487242507934570312e+01,7.781880855560302734e+00,5.918422222137451172e+00
4.655934810638427734e+00,2.487242507934570312e+01,7.942836761474609375e+00,5.990706443786621094e+00
4.621071815490722656e+00,2.487242507934570312e+01,8.103146553039550781e+00,6.091758251190185547e+00
5.974463462829589844e+00,2.500263404846191406e+01,1.253660321235656738e+00,1.285562276840209961e+00
5.976960659027099609e+00,2.500263404846191406e+01,1.518047571182250977e+00,1.621102333068847656e+00
5.968676567077636719e+00,2.500263404846191406e+01,1.756200671195983887e+00,1.925170302391052246e+00
5.944937705993652344e+00,2.500263404846191406e+01,1.980840206146240234e+00,2.183241367340087891e+00
5.918556213378906250e+00,2.500263404846191406e+01,2.192650318145751953e+00,2.419881820678710938e+00
5.878764152526855469e+00,2.500263404846191406e+01,2.407605648040771484e+00,2.614863872528076172e+00
5.842997550964355469e+00,2.500263404846191406e+01,2.620392084121704102e+00,2.818132638931274414e+00
5.799366950988769531e+00,2.500263404846191406e+01,2.852182388305664062e+00,3.011161804199218750e+00
5.753448486328125000e+00,2.500263404846191406e+01,3.080397605895996094e+00,3.188418149948120117e+00
5.716621398925781250e+00,2.500263404846191406e+01,3.286974668502807617e+00,3.377786636352539062e+00
5.674258232116699219e+00,2.500263404846191406e+01,3.508852958679199219e+00,3.558566808700561523e+00
5.619684219360351562e+00,2.500263404846191406e+01,3.748543500900268555e+00,3.700811862945556641e+00
5.573973655700683594e+00,2.500263404846191406e+01,3.947470188140869141e+00,3.839251279830932617e+00
5.532308578491210938e+00,2.500263404846191406e+01,4.144817352294921875e+00,3.989807844161987305e+00
5.489381790161132812e+00,2.500263404846191406e+01,4.327508926391601562e+00,4.116075992584228516e+00
5.439793586730957031e+00,2.500263404846191406e+01,4.542836189270019531e+00,4.239973545074462891e+00
5.395474910736083984e+00,2.500263404846191406e+01,4.740633487701416016e+00,4.371461391448974609e+00
5.349228858947753906e+00,2.500263404846191406e+01,4.933242321014404297e+00,4.487632274627685547e+00
5.299810886383056641e+00,2.500263404846191406e+01,5.152043342590332031e+00,4.608739852905273438e+00
5.253665924072265625e+00,2.500263404846191406e+01,5.355133056640625000e+00,4.727469921112060547e+00
5.211959362030029297e+00,2.500263404846191406e+01,5.509541511535644531e+00,4.821662902832031250e+00
5.169136524200439453e+00,2.500263404846191406e+01,5.658534526824951172e+00,4.902205944061279297e+00
5.120956420898437500e+00,2.500263404846191406e+01,5.863999366760253906e+00,4.998641967773437500e+00
5.071225166320800781e+00,2.500263404846191406e+01,6.067996978759765625e+00,5.077575206756591797e+00
5.029743194580078125e+00,2.500263404846191406e+01,6.241857051849365234e+00,5.164523601531982422e+00
4.993023872375488281e+00,2.500263404846191406e+01,6.394575119018554688e+00,5.247988700866699219e+00
4.952562332153320312e+00,2.500263404846191406e+01,6.580715179443359375e+00,5.327595233917236328e+00
4.919225692749023438e+00,2.500263404846191406e+01,6.711561679840087891e+00,5.387898921966552734e+00
4.880774021148681641e+00,2.500263404846191406e+01,6.875479698181152344e+00,5.440328598022460938e+00
4.844259738922119141e+00,2.500263404846191406e+01,7.030836105346679688e+00,5.487276554107666016e+00
4.803384304046630859e+00,2.500263404846191406e+01,7.198668003082275391e+00,5.513487815856933594e+00
4.759025573730468750e+00,2.500263404846191406e+01,7.395313262939453125e+00,5.539993762969970703e+00
4.764602184295654297e+00,2.500263404846191406e+01,7.451037406921386719e+00,5.703175067901611328e+00
4.748283863067626953e+00,2.500263404846191406e+01,7.537714004516601562e+00,5.774294853210449219e+00
4.716757774353027344e+00,2.500263404846191406e+01,7.671983718872070312e+00,5.817064285278320312e+00
4.680287361145019531e+00,2.500263404846191406e+01,7.826186656951904297e+00,5.877907276153564453e+00
4.645093441009521484e+00,2.500263404846191406e+01,7.989407062530517578e+00,5.977061271667480469e+00
5.974444866180419922e+00,2.513264274597167969e+01,1.171052813529968262e+00,1.176528453826904297e+00
5.987485885620117188e+00,2.513264274597167969e+01,1.442000269889831543e+00,1.528228282928466797e+00
5.981373786926269531e+00,2.513264274597167969e+01,1.684902310371398926e+00,1.838396787643432617e+00
5.957418918609619141e+00,2.513264274597167969e+01,1.916989207267761230e+00,2.102362632751464844e+00
5.934250831604003906e+00,2.513264274597167969e+01,2.128070354461669922e+00,2.346716880798339844e+00
5.897890567779541016e+00,2.513264274597167969e+01,2.343617677688598633e+00,2.553604602813720703e+00
5.859154224395751953e+00,2.513264274597167969e+01,2.553812503814697266e+00,2.743609905242919922e+00
5.819175720214843750e+00,2.513264274597167969e+01,2.777567386627197266e+00,2.941187858581542969e+00
5.774000167846679688e+00,2.513264274597167969e+01,3.012075185775756836e+00,3.127912521362304688e+00
5.733948707580566406e+00,2.513264274597167969e+01,3.212543964385986328e+00,3.297434329986572266e+00
5.693908214569091797e+00,2.513264274597167969e+01,3.436491012573242188e+00,3.489427566528320312e+00
5.643065452575683594e+00,2.513264274597167969e+01,3.668332338333129883e+00,3.639753818511962891e+00
5.594720840454101562e+00,2.513264274597167969e+01,3.882578611373901367e+00,3.781259298324584961e+00
5.555733680725097656e+00,2.513264274597167969e+01,4.067547798156738281e+00,3.931954622268676758e+00
5.512455940246582031e+00,2.513264274597167969e+01,4.253050804138183594e+00,4.059398651123046875e+00
5.463956356048583984e+00,2.513264274597167969e+01,4.459289073944091797e+00,4.179141044616699219e+00
5.418480873107910156e+00,2.513264274597167969e+01,4.660270214080810547e+00,4.307337284088134766e+00
5.371747016906738281e+00,2.513264274597167969e+01,4.857827186584472656e+00,4.424873828887939453e+00
5.320817947387695312e+00,2.513264274597167969e+01,5.069842338562011719e+00,4.531620025634765625e+00
5.278861522674560547e+00,2.513264274597167969e+01,5.266647815704345703e+00,4.663770198822021484e+00
5.236174106597900391e+00,2.513264274597167969e+01,5.439398765563964844e+00,4.768136501312255859e+00
5.194263458251953125e+00,2.513264274597167969e+01,5.574500560760498047e+00,4.839750289916992188e+00
5.147728919982910156e+00,2.513264274597167969e+01,5.769344806671142578e+00,4.934515953063964844e+00
5.100870609283447266e+00,2.513264274597167969e+01,5.970527648925781250e+00,5.024420738220214844e+00
5.052317142486572266e+00,2.513264274597167969e+01,6.152845859527587891e+00,5.081594944000244141e+00
5.015372753143310547e+00,2.513264274597167969e+01,6.308174133300781250e+00,5.164876937866210938e+00
4.980847358703613281e+00,2.513264274597167969e+01,6.452469348907470703e+00,5.239587306976318359e+00
4.943606376647949219e+00,2.513264274597167969e+01,6.619812488555908203e+00,5.307755470275878906e+00
4.906594753265380859e+00,2.513264274597167969e+01,6.766479015350341797e+00,5.352392196655273438e+00
4.870282649993896484e+00,2.513264274597167969e+01,6.921389579772949219e+00,5.399003505706787109e+00
4.830305576324462891e+00,2.513264274597167969e+01,7.082897186279296875e+00,5.423110961914062500e+00
4.788718223571777344e+00,2.513264274597167969e+01,7.262103080749511719e+00,5.448280334472656250e+00
4.773288726806640625e+00,2.513264274597167969e+01,7.375714302062988281e+00,5.548138141632080078e+00
4.771496772766113281e+00,2.513264274597167969e+01,7.430882930755615234e+00,5.668255329132080078e+00
4.741248130798339844e+00,2.513264274597167969e+01,7.562428951263427734e+00,5.714537143707275391e+00
4.705702304840087891e+00,2.513264274597167969e+01,7.713791370391845703e+00,5.775687694549560547e+00
4.669039249420166016e+00,2.513264274597167969e+01,7.871845722198486328e+00,5.860271930694580078e+00
5.997586250305175781e+00,2.526265335083007812e+01,1.362261414527893066e+00,1.431976556777954102e+00
5.992058753967285156e+00,2.526265335083007812e+01,1.615715742111206055e+00,1.749836921691894531e+00
5.972796916961669922e+00,2.526265335083007812e+01,1.851824402809143066e+00,2.028150081634521484e+00
5.949151039123535156e+00,2.526265335083007812e+01,2.065886735916137695e+00,2.273612499237060547e+00
5.917686462402343750e+00,2.526265335083007812e+01,2.274028778076171875e+00,2.488105773925781250e+00
5.877561092376708984e+00,2.526265335083007812e+01,2.485512733459472656e+00,2.675172090530395508e+00
5.839370727539062500e+00,2.526265335083007812e+01,2.706144571304321289e+00,2.875597715377807617e+00
5.795353412628173828e+00,2.526265335083007812e+01,2.935557365417480469e+00,3.061582326889038086e+00
5.750810146331787109e+00,2.526265335083007812e+01,3.148918390274047852e+00,3.226370334625244141e+00
5.716927051544189453e+00,2.526265335083007812e+01,3.358544111251831055e+00,3.428658962249755859e+00
5.671299457550048828e+00,2.526265335083007812e+01,3.569841623306274414e+00,3.580892562866210938e+00
5.616883277893066406e+00,2.526265335083007812e+01,3.808727502822875977e+00,3.720504760742187500e+00
5.576657295227050781e+00,2.526265335083007812e+01,3.990233898162841797e+00,3.862328767776489258e+00
5.534793853759765625e+00,2.526265335083007812e+01,4.174105167388916016e+00,3.994785308837890625e+00
5.488103866577148438e+00,2.526265335083007812e+01,4.377306461334228516e+00,4.119529724121093750e+00
5.439720630645751953e+00,2.526265335083007812e+01,4.588229179382324219e+00,4.242295742034912109e+00
5.394213676452636719e+00,2.526265335083007812e+01,4.780249118804931641e+00,4.359872817993164062e+00
5.348835945129394531e+00,2.526265335083007812e+01,4.968112945556640625e+00,4.470729351043701172e+00
5.303305625915527344e+00,2.526265335083007812e+01,5.177571773529052734e+00,4.596069335937500000e+00
5.256932735443115234e+00,2.526265335083007812e+01,5.374153614044189453e+00,4.701653480529785156e+00
5.216436862945556641e+00,2.526265335083007812e+01,5.511414527893066406e+00,4.780579566955566406e+00
5.175264835357666016e+00,2.526265335083007812e+01,5.668980121612548828e+00,4.868840694427490234e+00
5.131369113922119141e+00,2.526265335083007812e+01,5.858969688415527344e+00,4.963221073150634766e+00
5.079864025115966797e+00,2.526265335083007812e+01,6.058157444000244141e+00,5.018465042114257812e+00
5.041681289672851562e+00,2.526265335083007812e+01,6.203747272491455078e+00,5.086672306060791016e+00
5.008988380432128906e+00,2.526265335083007812e+01,6.327839851379394531e+00,5.153288364410400391e+00
4.970965862274169922e+00,2.526265335083007812e+01,6.503368854522705078e+00,5.222844600677490234e+00
4.932325363159179688e+00,2.526265335083007812e+01,6.664083957672119141e+00,5.269014358520507812e+00
4.895720481872558594e+00,2.526265335083007812e+01,6.813035488128662109e+00,5.308663845062255859e+00
4.860651969909667969e+00,2.526265335083007812e+01,6.957019329071044922e+00,5.342142105102539062e+00
4.816482543945312500e+00,2.526265335083007812e+01,7.130906581878662109e+00,5.348930835723876953e+00
4.791567325592041016e+00,2.526265335083007812e+01,7.274208068847656250e+00,5.423911571502685547e+00
4.793312072753906250e+00,2.526265335083007812e+01,7.334342002868652344e+00,5.564292907714843750e+00
4.766289234161376953e+00,2.526265335083007812e+01,7.449659824371337891e+00,5.613753795623779297e+00
4.730307579040527344e+00,2.526265335083007812e+01,7.602455615997314453e+00,5.671883583068847656e+00
4.694106101989746094e+00,2.526265335083007812e+01,7.760023593902587891e+00,5.756418704986572266e+00
5.996124267578125000e+00,2.539286231994628906e+01,1.290453314781188965e+00,1.326087594032287598e+00
5.999380588531494141e+00,2.539286231994628906e+01,1.545062065124511719e+00,1.653587341308593750e+00
5.985822677612304688e+00,2.539286231994628906e+01,1.778660774230957031e+00,1.939236164093017578e+00
5.936650276184082031e+00,2.539286231994628906e+01,2.206245183944702148e+00,2.421344757080078125e+00
5.897468090057373047e+00,2.539286231994628906e+01,2.412170886993408203e+00,2.606065273284912109e+00
5.860535621643066406e+00,2.539286231994628906e+01,2.627148866653442383e+00,2.805139064788818359e+00
5.817004680633544922e+00,2.539286231994628906e+01,2.855658054351806641e+00,2.992471694946289062e+00
5.771219253540039062e+00,2.539286231994628906e+01,3.079387903213500977e+00,3.163250684738159180e+00
5.736292839050292969e+00,2.539286231994628906e+01,3.279347181320190430e+00,3.351122140884399414e+00
5.696936607360839844e+00,2.539286231994628906e+01,3.489524126052856445e+00,3.528812646865844727e+00
5.640400886535644531e+00,2.539286231994628906e+01,3.729174137115478516e+00,3.659806251525878906e+00
5.597010612487792969e+00,2.539286231994628906e+01,3.921233415603637695e+00,3.797900438308715820e+00
5.555740356445312500e+00,2.539286231994628906e+01,4.110845088958740234e+00,3.938382625579833984e+00
5.512035846710205078e+00,2.539286231994628906e+01,4.292767524719238281e+00,4.056334018707275391e+00
5.463353633880615234e+00,2.539286231994628906e+01,4.505971431732177734e+00,4.178949832916259766e+00
5.417997837066650391e+00,2.539286231994628906e+01,4.699656009674072266e+00,4.297985553741455078e+00
5.375815868377685547e+00,2.539286231994628906e+01,4.884471416473388672e+00,4.421209812164306641e+00
5.328530788421630859e+00,2.539286231994628906e+01,5.090901374816894531e+00,4.534657955169677734e+00
5.283150196075439453e+00,2.539286231994628906e+01,5.286335468292236328e+00,4.642192840576171875e+00
5.240750312805175781e+00,2.539286231994628906e+01,5.450787544250488281e+00,4.734168529510498047e+00
5.202298164367675781e+00,2.539286231994628906e+01,5.577253341674804688e+00,4.807521820068359375e+00
5.156110763549804688e+00,2.539286231994628906e+01,5.755633354187011719e+00,4.880030632019042969e+00
5.111793518066406250e+00,2.539286231994628906e+01,5.957470893859863281e+00,4.971848964691162109e+00
5.063054084777832031e+00,2.539286231994628906e+01,6.132604122161865234e+00,5.011201381683349609e+00
5.031266212463378906e+00,2.539286231994628906e+01,6.252759933471679688e+00,5.077694892883300781e+00
4.999587059020996094e+00,2.539286231994628906e+01,6.373666763305664062e+00,5.133722782135009766e+00
4.957700252532958984e+00,2.539286231994628906e+01,6.559288024902343750e+00,5.181987285614013672e+00
4.921780109405517578e+00,2.539286231994628906e+01,6.707265377044677734e+00,5.223446369171142578e+00
4.886181831359863281e+00,2.539286231994628906e+01,6.851439952850341797e+00,5.253880500793457031e+00
4.845053195953369141e+00,2.539286231994628906e+01,7.008258342742919922e+00,5.260692119598388672e+00
4.805446624755859375e+00,2.539286231994628906e+01,7.190245151519775391e+00,5.293741226196289062e+00
4.805294036865234375e+00,2.539286231994628906e+01,7.256382465362548828e+00,5.426399707794189453e+00
4.790252685546875000e+00,2.539286231994628906e+01,7.347124099731445312e+00,5.515512466430664062e+00
4.755185127258300781e+00,2.539286231994628906e+01,7.490337371826171875e+00,5.569277763366699219e+00
4.718692302703857422e+00,2.539286231994628906e+01,7.648280620574951172e+00,5.651140689849853516e+00
5.995842933654785156e+00,2.552287101745605469e+01,1.211614370346069336e+00,1.218878984451293945e+00
6.007259845733642578e+00,2.552287101745605469e+01,1.471660971641540527e+00,1.557334661483764648e+00
6.000997543334960938e+00,2.552287101745605469e+01,1.707180976867675781e+00,1.857868313789367676e+00
5.977018356323242188e+00,2.552287101745605469e+01,1.932349443435668945e+00,2.112139701843261719e+00
5.954007625579833984e+00,2.552287101745605469e+01,2.139400959014892578e+00,2.350133895874023438e+00
5.916379451751708984e+00,2.552287101745605469e+01,2.352028369903564453e+00,2.547430038452148438e+00
5.878074645996093750e+00,2.552287101745605469e+01,2.554892539978027344e+00,2.728696346282958984e+00
5.837373733520507812e+00,2.552287101745605469e+01,2.780157804489135742e+00,2.922800302505493164e+00
5.793099880218505859e+00,2.552287101745605469e+01,3.007206916809082031e+00,3.102759122848510742e+00
5.753983974456787109e+00,2.552287101745605469e+01,3.199997663497924805e+00,3.266381025314331055e+00
5.716927051544189453e+00,2.552287101745605469e+01,3.419108152389526367e+00,3.462332963943481445e+00
5.665710449218750000e+00,2.552287101745605469e+01,3.646887540817260742e+00,3.603918552398681641e+00
5.617722034454345703e+00,2.552287101745605469e+01,3.858122825622558594e+00,3.740569829940795898e+00
5.580082893371582031e+00,2.552287101745605469e+01,4.032778263092041016e+00,3.882725000381469727e+00
5.536033630371093750e+00,2.552287101745605469e+01,4.212082386016845703e+00,3.996696710586547852e+00
5.487464904785156250e+00,2.552287101745605469e+01,4.422501564025878906e+00,4.116599082946777344e+00
5.441811084747314453e+00,2.552287101745605469e+01,4.618180274963378906e+00,4.235074996948242188e+00
5.395695686340332031e+00,2.552287101745605469e+01,4.810423374176025391e+00,4.346226215362548828e+00
5.349018096923828125e+00,2.552287101745605469e+01,5.011838912963867188e+00,4.457386016845703125e+00
5.308988094329833984e+00,2.552287101745605469e+01,5.193064689636230469e+00,4.576559066772460938e+00
5.262580394744873047e+00,2.552287101745605469e+01,5.372239112854003906e+00,4.659950256347656250e+00
5.224860668182373047e+00,2.552287101745605469e+01,5.505836963653564453e+00,4.741635799407958984e+00
5.182953357696533203e+00,2.552287101745605469e+01,5.669844150543212891e+00,4.821535110473632812e+00
5.140809535980224609e+00,2.552287101745605469e+01,5.846817970275878906e+00,4.902413368225097656e+00
5.089365959167480469e+00,2.552287101745605469e+01,6.040102005004882812e+00,4.941845417022705078e+00
5.055627822875976562e+00,2.552287101745605469e+01,6.154906749725341797e+00,4.993572235107421875e+00
5.023586273193359375e+00,2.552287101745605469e+01,6.278241157531738281e+00,5.049051284790039062e+00
4.992613315582275391e+00,2.552287101745605469e+01,6.408483505249023438e+00,5.105010986328125000e+00
4.947351455688476562e+00,2.552287101745605469e+01,6.602728366851806641e+00,5.136630058288574219e+00
4.912704467773437500e+00,2.552287101745605469e+01,6.741712570190429688e+00,5.167170047760009766e+00
4.875195503234863281e+00,2.552287101745605469e+01,6.887069225311279297e+00,5.181366443634033203e+00
4.832137584686279297e+00,2.552287101745605469e+01,7.054066181182861328e+00,5.185775279998779297e+00
4.821740150451660156e+00,2.552287101745605469e+01,7.160384654998779297e+00,5.299419403076171875e+00
4.813104629516601562e+00,2.552287101745605469e+01,7.246661186218261719e+00,5.414045810699462891e+00
4.780803680419921875e+00,2.552287101745605469e+01,7.381569862365722656e+00,5.473004817962646484e+00
4.743697166442871094e+00,2.552287101745605469e+01,7.533926486968994141e+00,5.545496463775634766e+00
5.995570182800292969e+00,2.565288352966308594e+01,1.123557209968566895e+00,1.106434226036071777e+00
6.019685745239257812e+00,2.565288352966308594e+01,1.389639139175415039e+00,1.462215781211853027e+00
6.011181831359863281e+00,2.565288352966308594e+01,1.637410640716552734e+00,1.767006039619445801e+00
5.990992546081542969e+00,2.565288352966308594e+01,1.868014812469482422e+00,2.034492731094360352e+00
5.968661308288574219e+00,2.565288352966308594e+01,2.076876878738403320e+00,2.275270938873291016e+00
5.936531066894531250e+00,2.565288352966308594e+01,2.283046722412109375e+00,2.482917547225952148e+00
5.895984649658203125e+00,2.565288352966308594e+01,2.489739418029785156e+00,2.661051988601684570e+00
5.857646942138671875e+00,2.565288352966308594e+01,2.707642793655395508e+00,2.855604410171508789e+00
5.814114570617675781e+00,2.565288352966308594e+01,2.934074640274047852e+00,3.037724494934082031e+00
5.769852161407470703e+00,2.565288352966308594e+01,3.141470670700073242e+00,3.195665597915649414e+00
5.738620758056640625e+00,2.565288352966308594e+01,3.340069293975830078e+00,3.393883705139160156e+00
5.692617893218994141e+00,2.565288352966308594e+01,3.552219629287719727e+00,3.541919946670532227e+00
5.640249729156494141e+00,2.565288352966308594e+01,3.782522439956665039e+00,3.678814649581909180e+00
5.600814819335937500e+00,2.565288352966308594e+01,3.957253456115722656e+00,3.813088655471801758e+00
5.559068679809570312e+00,2.565288352966308594e+01,4.131966590881347656e+00,3.932877779006958008e+00
5.511745452880859375e+00,2.565288352966308594e+01,4.335421085357666016e+00,4.051492691040039062e+00
5.464807033538818359e+00,2.565288352966308594e+01,4.543652534484863281e+00,4.174687862396240234e+00
5.418369293212890625e+00,2.565288352966308594e+01,4.732485771179199219e+00,4.280310630798339844e+00
5.376530647277832031e+00,2.565288352966308594e+01,4.910437583923339844e+00,4.392836093902587891e+00
5.333264350891113281e+00,2.565288352966308594e+01,5.110667228698730469e+00,4.513216495513916016e+00
5.288163185119628906e+00,2.565288352966308594e+01,5.294873237609863281e+00,4.605036258697509766e+00
5.246448040008544922e+00,2.565288352966308594e+01,5.444488525390625000e+00,4.679606437683105469e+00
5.211452484130859375e+00,2.565288352966308594e+01,5.574266910552978516e+00,4.762515068054199219e+00
5.162384986877441406e+00,2.565288352966308594e+01,5.749567985534667969e+00,4.807562351226806641e+00
5.123637199401855469e+00,2.565288352966308594e+01,5.929664134979248047e+00,4.896306037902832031e+00
5.077562332153320312e+00,2.565288352966308594e+01,6.084213733673095703e+00,4.919822216033935547e+00
5.046257019042968750e+00,2.565288352966308594e+01,6.193242073059082031e+00,4.965917110443115234e+00
5.014600276947021484e+00,2.565288352966308594e+01,6.321627140045166016e+00,5.016361236572265625e+00
4.973405838012695312e+00,2.565288352966308594e+01,6.497246265411376953e+00,5.051175594329833984e+00
4.939144134521484375e+00,2.565288352966308594e+01,6.635535717010498047e+00,5.082713127136230469e+00
4.903165817260742188e+00,2.565288352966308594e+01,6.775182723999023438e+00,5.098947048187255859e+00
4.857732772827148438e+00,2.565288352966308594e+01,6.944857120513916016e+00,5.093689441680908203e+00
4.830957412719726562e+00,2.565288352966308594e+01,7.094772815704345703e+00,5.163896083831787109e+00
4.836212158203125000e+00,2.565288352966308594e+01,7.142034053802490234e+00,5.312458992004394531e+00
4.805163383483886719e+00,2.565288352966308594e+01,7.275626182556152344e+00,5.374946117401123047e+00
4.769042491912841797e+00,2.565288352966308594e+01,7.425506591796875000e+00,5.448345661163330078e+00
6.018887519836425781e+00,2.578309059143066406e+01,1.318349957466125488e+00,1.356619834899902344e+00
6.022678375244140625e+00,2.578309059143066406e+01,1.564482450485229492e+00,1.676724910736083984e+00
6.005338191986083984e+00,2.578309059143066406e+01,1.796442389488220215e+00,1.950330257415771484e+00
5.982820034027099609e+00,2.578309059143066406e+01,2.013337373733520508e+00,2.198003292083740234e+00
5.956062793731689453e+00,2.578309059143066406e+01,2.213810205459594727e+00,2.415631771087646484e+00
5.916456699371337891e+00,2.578309059143066406e+01,2.417319536209106445e+00,2.594025850296020508e+00
5.879165649414062500e+00,2.578309059143066406e+01,2.628005266189575195e+00,2.784966230392456055e+00
5.836019515991210938e+00,2.578309059143066406e+01,2.852639913558959961e+00,2.967063665390014648e+00
5.790421009063720703e+00,2.578309059143066406e+01,3.072673082351684570e+00,3.132707595825195312e+00
5.757181644439697266e+00,2.578309059143066406e+01,3.261668443679809570e+00,3.312987565994262695e+00
5.720653533935546875e+00,2.578309059143066406e+01,3.465345144271850586e+00,3.492133855819702148e+00
5.663283824920654297e+00,2.578309059143066406e+01,3.704649925231933594e+00,3.616900444030761719e+00
5.620460987091064453e+00,2.578309059143066406e+01,3.890357017517089844e+00,3.746802330017089844e+00
5.580972194671630859e+00,2.578309059143066406e+01,4.071493625640869141e+00,3.882220745086669922e+00
5.536345481872558594e+00,2.578309059143066406e+01,4.248924255371093750e+00,3.988039016723632812e+00
5.488094806671142578e+00,2.578309059143066406e+01,4.459984302520751953e+00,4.107009410858154297e+00
5.442643642425537109e+00,2.578309059143066406e+01,4.651207923889160156e+00,4.218269824981689453e+00
5.401912212371826172e+00,2.578309059143066406e+01,4.828468322753906250e+00,4.335299491882324219e+00
5.358298301696777344e+00,2.578309059143066406e+01,5.024434566497802734e+00,4.449992179870605469e+00
5.316515445709228516e+00,2.578309059143066406e+01,5.196280479431152344e+00,4.545257568359375000e+00
5.268524646759033203e+00,2.578309059143066406e+01,5.363595485687255859e+00,4.603198528289794922e+00
5.239196777343750000e+00,2.578309059143066406e+01,5.482884883880615234e+00,4.703238487243652344e+00
5.193430423736572266e+00,2.578309059143066406e+01,5.657566547393798828e+00,4.762259483337402344e+00
5.150701522827148438e+00,2.578309059143066406e+01,5.819932460784912109e+00,4.816191196441650391e+00
5.102939128875732422e+00,2.578309059143066406e+01,5.999942779541015625e+00,4.851124763488769531e+00
5.074918270111083984e+00,2.578309059143066406e+01,6.085793972015380859e+00,4.892967700958251953e+00
5.038646697998046875e+00,2.578309059143066406e+01,6.229180335998535156e+00,4.933027744293212891e+00
5.006670475006103516e+00,2.578309059143066406e+01,6.358419418334960938e+00,4.973874092102050781e+00
4.964731216430664062e+00,2.578309059143066406e+01,6.532145023345947266e+00,4.996762275695800781e+00
4.931190013885498047e+00,2.578309059143066406e+01,6.660025596618652344e+00,5.014781951904296875e+00
4.888456344604492188e+00,2.578309059143066406e+01,6.816053867340087891e+00,5.010866641998291016e+00
4.852420806884765625e+00,2.578309059143066406e+01,6.976884365081787109e+00,5.047761440277099609e+00
4.848173618316650391e+00,2.578309059143066406e+01,7.064813137054443359e+00,5.180550098419189453e+00
4.830060005187988281e+00,2.578309059143066406e+01,7.168999195098876953e+00,5.279769897460937500e+00
4.794078826904296875e+00,2.578309059143066406e+01,7.316926479339599609e+00,5.351195335388183594e+00
6.016373634338378906e+00,2.591310119628906250e+01,1.243488430976867676e+00,1.248725533485412598e+00
6.025917053222656250e+00,2.591310119628906250e+01,1.496679067611694336e+00,1.576182484626770020e+00
6.021610260009765625e+00,2.591310119628906250e+01,1.723334074020385742e+00,1.869435191154479980e+00
5.996407508850097656e+00,2.591310119628906250e+01,1.944480657577514648e+00,2.113682746887207031e+00
5.974973201751708984e+00,2.591310119628906250e+01,2.144210338592529297e+00,2.345560550689697266e+00
5.936521530151367188e+00,2.591310119628906250e+01,2.354429006576538086e+00,2.535445213317871094e+00
5.897248744964599609e+00,2.591310119628906250e+01,2.554126024246215820e+00,2.708066701889038086e+00
5.856837272644042969e+00,2.591310119628906250e+01,2.773852348327636719e+00,2.894758939743041992e+00
5.813083648681640625e+00,2.591310119628906250e+01,2.999281167984008789e+00,3.072680473327636719e+00
5.774940490722656250e+00,2.591310119628906250e+01,3.183677196502685547e+00,3.229122400283813477e+00
5.739880561828613281e+00,2.591310119628906250e+01,3.393261432647705078e+00,3.419937133789062500e+00
5.689948558807373047e+00,2.591310119628906250e+01,3.619986534118652344e+00,3.563314437866210938e+00
5.642354965209960938e+00,2.591310119628906250e+01,3.826495409011840820e+00,3.692954301834106445e+00
5.605536460876464844e+00,2.591310119628906250e+01,3.989291191101074219e+00,3.822355747222900391e+00
5.561425685882568359e+00,2.591310119628906250e+01,4.164711952209472656e+00,3.928550481796264648e+00
5.512401580810546875e+00,2.591310119628906250e+01,4.373493671417236328e+00,4.041338443756103516e+00
5.467092514038085938e+00,2.591310119628906250e+01,4.567381381988525391e+00,4.154466629028320312e+00
5.421441078186035156e+00,2.591310119628906250e+01,4.755169868469238281e+00,4.257736682891845703e+00
5.375914096832275391e+00,2.591310119628906250e+01,4.948849678039550781e+00,4.361253738403320312e+00
5.342369079589843750e+00,2.591310119628906250e+01,5.111371040344238281e+00,4.485691070556640625e+00
5.294104099273681641e+00,2.591310119628906250e+01,5.281532287597656250e+00,4.542343139648437500e+00
5.252302169799804688e+00,2.591310119628906250e+01,5.425590991973876953e+00,4.603101730346679688e+00
5.222959041595458984e+00,2.591310119628906250e+01,5.559562683105468750e+00,4.704198360443115234e+00
5.171815872192382812e+00,2.591310119628906250e+01,5.722424030303955078e+00,4.717611789703369141e+00
5.137489795684814453e+00,2.591310119628906250e+01,5.877620220184326172e+00,4.793999671936035156e+00
5.096797943115234375e+00,2.591310119628906250e+01,6.013597965240478516e+00,4.816326141357421875e+00
5.063355445861816406e+00,2.591310119628906250e+01,6.135564327239990234e+00,4.851761341094970703e+00
5.029945373535156250e+00,2.591310119628906250e+01,6.267996788024902344e+00,4.888195037841796875e+00
4.991966724395751953e+00,2.591310119628906250e+01,6.422878742218017578e+00,4.914091587066650391e+00
4.956483840942382812e+00,2.591310119628906250e+01,6.562640666961669922e+00,4.932559967041015625e+00
4.918641090393066406e+00,2.591310119628906250e+01,6.698088169097900391e+00,4.934095382690429688e+00
4.867668151855468750e+00,2.591310119628906250e+01,6.881996631622314453e+00,4.922404766082763672e+00
4.866384029388427734e+00,2.591310119628906250e+01,6.975565910339355469e+00,5.069582462310791016e+00
4.852756023406982422e+00,2.591310119628906250e+01,7.070880413055419922e+00,5.180468559265136719e+00
4.819404125213623047e+00,2.591310119628906250e+01,7.207809448242187500e+00,5.254415988922119141e+00
6.015187740325927734e+00,2.604311180114746094e+01,1.157797574996948242e+00,1.136488914489746094e+00
6.034468173980712891e+00,2.604311180114746094e+01,1.420098543167114258e+00,1.479197025299072266e+00
6.032196044921875000e+00,2.604311180114746094e+01,1.653339505195617676e+00,1.778764486312866211e+00
6.009646892547607422e+00,2.604311180114746094e+01,1.878499507904052734e+00,2.031982660293579102e+00
5.989448547363281250e+00,2.604311180114746094e+01,2.082199335098266602e+00,2.270145654678344727e+00
5.956596851348876953e+00,2.604311180114746094e+01,2.285098075866699219e+00,2.469560861587524414e+00
5.916646003723144531e+00,2.604311180114746094e+01,2.484009027481079102e+00,2.639374732971191406e+00
5.877591133117675781e+00,2.604311180114746094e+01,2.702471733093261719e+00,2.829664468765258789e+00
5.834889888763427734e+00,2.604311180114746094e+01,2.923070669174194336e+00,3.006404876708984375e+00
5.790181159973144531e+00,2.604311180114746094e+01,3.128009796142578125e+00,3.158216714859008789e+00
5.760707855224609375e+00,2.604311180114746094e+01,3.315263032913208008e+00,3.347939729690551758e+00
5.715682029724121094e+00,2.604311180114746094e+01,3.526074171066284180e+00,3.495920419692993164e+00
5.665303707122802734e+00,2.604311180114746094e+01,3.750968694686889648e+00,3.632204771041870117e+00
5.624479293823242188e+00,2.604311180114746094e+01,3.919481039047241211e+00,3.749677896499633789e+00
5.584357261657714844e+00,2.604311180114746094e+01,4.086781024932861328e+00,3.865108013153076172e+00
5.537342548370361328e+00,2.604311180114746094e+01,4.285172939300537109e+00,3.976621389389038086e+00
5.490447998046875000e+00,2.604311180114746094e+01,4.488353252410888672e+00,4.090079784393310547e+00
5.445260047912597656e+00,2.604311180114746094e+01,4.675791263580322266e+00,4.193827152252197266e+00
5.405504226684570312e+00,2.604311180114746094e+01,4.846796989440917969e+00,4.303177356719970703e+00
5.363752365112304688e+00,2.604311180114746094e+01,5.032959461212158203e+00,4.410596370697021484e+00
5.325451850891113281e+00,2.604311180114746094e+01,5.197439670562744141e+00,4.507135868072509766e+00
5.275310039520263672e+00,2.604311180114746094e+01,5.345657348632812500e+00,4.530276298522949219e+00
5.245054244995117188e+00,2.604311180114746094e+01,5.472992420196533203e+00,4.620616912841796875e+00
5.205365180969238281e+00,2.604311180114746094e+01,5.628366947174072266e+00,4.679491043090820312e+00
5.164975166320800781e+00,2.604311180114746094e+01,5.770157337188720703e+00,4.715669631958007812e+00
5.125883579254150391e+00,2.604311180114746094e+01,5.917193889617919922e+00,4.753512382507324219e+00
5.092703819274902344e+00,2.604311180114746094e+01,6.025558948516845703e+00,4.778703212738037109e+00
5.055487632751464844e+00,2.604311180114746094e+01,6.170357227325439453e+00,4.807184219360351562e+00
5.021624088287353516e+00,2.604311180114746094e+01,6.301569461822509766e+00,4.832937240600585938e+00
4.983344078063964844e+00,2.604311180114746094e+01,6.455528736114501953e+00,4.849921703338623047e+00
4.945006370544433594e+00,2.604311180114746094e+01,6.594194412231445312e+00,4.851471900939941406e+00
4.900199890136718750e+00,2.604311180114746094e+01,6.755058765411376953e+00,4.847942352294921875e+00
4.870360374450683594e+00,2.604311180114746094e+01,6.905588626861572266e+00,4.914120197296142578e+00
4.871775627136230469e+00,2.604311180114746094e+01,6.977716445922851562e+00,5.070132732391357422e+00
4.844171047210693359e+00,2.604311180114746094e+01,7.104954242706298828e+00,5.160970211029052734e+00
6.016226291656494141e+00,2.617331886291503906e+01,1.059414625167846680e+00,1.019177079200744629e+00
6.039320945739746094e+00,2.617331886291503906e+01,1.342234492301940918e+00,1.376347184181213379e+00
6.041502952575683594e+00,2.617331886291503906e+01,1.584779858589172363e+00,1.687936902046203613e+00
6.026423931121826172e+00,2.617331886291503906e+01,1.807636499404907227e+00,1.954565048217773438e+00
6.004206180572509766e+00,2.617331886291503906e+01,2.019837856292724609e+00,2.195433378219604492e+00
5.976431846618652344e+00,2.617331886291503906e+01,2.215192556381225586e+00,2.401789903640747070e+00
5.936605453491210938e+00,2.617331886291503906e+01,2.417423725128173828e+00,2.575933218002319336e+00
5.899370193481445312e+00,2.617331886291503906e+01,2.623622655868530273e+00,2.759970903396606445e+00
5.856365203857421875e+00,2.617331886291503906e+01,2.841246366500854492e+00,2.932942628860473633e+00
5.811453819274902344e+00,2.617331886291503906e+01,3.058999300003051758e+00,3.096720695495605469e+00
5.779559612274169922e+00,2.617331886291503906e+01,3.238240480422973633e+00,3.268776655197143555e+00
5.743738651275634766e+00,2.617331886291503906e+01,3.432974100112915039e+00,3.438361167907714844e+00
5.688769340515136719e+00,2.617331886291503906e+01,3.673170566558837891e+00,3.571200132369995117e+00
5.645516395568847656e+00,2.617331886291503906e+01,3.854915380477905273e+00,3.690685510635375977e+00
5.607462406158447266e+00,2.617331886291503906e+01,4.020677566528320312e+00,3.813114881515502930e+00
5.562919616699218750e+00,2.617331886291503906e+01,4.197300910949707031e+00,3.914728164672851562e+00
5.514859676361083984e+00,2.617331886291503906e+01,4.402594089508056641e+00,4.024310111999511719e+00
5.469186782836914062e+00,2.617331886291503906e+01,4.590457439422607422e+00,4.125077247619628906e+00
5.429990768432617188e+00,2.617331886291503906e+01,4.764591693878173828e+00,4.238944053649902344e+00
5.386988162994384766e+00,2.617331886291503906e+01,4.951090335845947266e+00,4.340633869171142578e+00
5.347716331481933594e+00,2.617331886291503906e+01,5.104562759399414062e+00,4.422154426574707031e+00
5.297736167907714844e+00,2.617331886291503906e+01,5.260344028472900391e+00,4.450462818145751953e+00
5.262104511260986328e+00,2.617331886291503906e+01,5.401605129241943359e+00,4.526394367218017578e+00
5.231155872344970703e+00,2.617331886291503906e+01,5.534723281860351562e+00,4.606215000152587891e+00
5.184484004974365234e+00,2.617331886291503906e+01,5.680289745330810547e+00,4.615643024444580078e+00
5.155480861663818359e+00,2.617331886291503906e+01,5.807728767395019531e+00,4.682171344757080078e+00
5.117230892181396484e+00,2.617331886291503906e+01,5.939644336700439453e+00,4.702720642089843750e+00
5.080524921417236328e+00,2.617331886291503906e+01,6.078577518463134766e+00,4.728427410125732422e+00
5.047399520874023438e+00,2.617331886291503906e+01,6.205472469329833984e+00,4.753897666931152344e+00
5.009925842285156250e+00,2.617331886291503906e+01,6.340896129608154297e+00,4.760392189025878906e+00
4.974165916442871094e+00,2.617331886291503906e+01,6.485161304473876953e+00,4.777239799499511719e+00
4.927587032318115234e+00,2.617331886291503906e+01,6.639270782470703125e+00,4.761022090911865234e+00
4.892041206359863281e+00,2.617331886291503906e+01,6.798226833343505859e+00,4.809052944183349609e+00
4.894802093505859375e+00,2.617331886291503906e+01,6.875918388366699219e+00,4.972859382629394531e+00
4.867857456207275391e+00,2.617331886291503906e+01,7.003492832183837891e+00,5.065536022186279297e+00
6.037411212921142578e+00,2.630352973937988281e+01,1.266901373863220215e+00,1.268286824226379395e+00
6.045473575592041016e+00,2.630352973937988281e+01,1.515027642250061035e+00,1.586544036865234375e+00
6.040306568145751953e+00,2.630352973937988281e+01,1.736000299453735352e+00,1.869097471237182617e+00
6.017138957977294922e+00,2.630352973937988281e+01,1.951334714889526367e+00,2.109294176101684570e+00
5.995864868164062500e+00,2.630352973937988281e+01,2.146089076995849609e+00,2.333210229873657227e+00
5.956987380981445312e+00,2.630352973937988281e+01,2.350600481033325195e+00,2.513333082199096680e+00
5.918024539947509766e+00,2.630352973937988281e+01,2.547619819641113281e+00,2.682172298431396484e+00
5.877414226531982422e+00,2.630352973937988281e+01,2.762771606445312500e+00,2.861106872558593750e+00
5.834670066833496094e+00,2.630352973937988281e+01,2.981649637222290039e+00,3.033821582794189453e+00
5.797292709350585938e+00,2.630352973937988281e+01,3.161571025848388672e+00,3.185635805130004883e+00
5.763830184936523438e+00,2.630352973937988281e+01,3.360719680786132812e+00,3.368615388870239258e+00
5.715616703033447266e+00,2.630352973937988281e+01,3.581159591674804688e+00,3.509923934936523438e+00
5.668852806091308594e+00,2.630352973937988281e+01,3.789174795150756836e+00,3.640070676803588867e+00
5.631977081298828125e+00,2.630352973937988281e+01,3.936034440994262695e+00,3.749311447143554688e+00
5.587273120880126953e+00,2.630352973937988281e+01,4.111801624298095703e+00,3.849307298660278320e+00
5.539746761322021484e+00,2.630352973937988281e+01,4.315756797790527344e+00,3.959538936614990234e+00
5.493680000305175781e+00,2.630352973937988281e+01,4.504135608673095703e+00,4.057955265045166016e+00
5.449117660522460938e+00,2.630352973937988281e+01,4.689705848693847656e+00,4.156946182250976562e+00
5.406007289886474609e+00,2.630352973937988281e+01,4.878268718719482422e+00,4.259057998657226562e+00
5.371618270874023438e+00,2.630352973937988281e+01,5.027029991149902344e+00,4.357406616210937500e+00
5.330526828765869141e+00,2.630352973937988281e+01,5.179871082305908203e+00,4.421771526336669922e+00
5.284217357635498047e+00,2.630352973937988281e+01,5.317695140838623047e+00,4.444744586944580078e+00
5.253409862518310547e+00,2.630352973937988281e+01,5.447908401489257812e+00,4.522087574005126953e+00
5.212983608245849609e+00,2.630352973937988281e+01,5.590534687042236328e+00,4.556108951568603516e+00
5.181192398071289062e+00,2.630352973937988281e+01,5.709420680999755859e+00,4.602175235748291016e+00
5.151850223541259766e+00,2.630352973937988281e+01,5.820883750915527344e+00,4.645704269409179688e+00
5.109204292297363281e+00,2.630352973937988281e+01,5.971775531768798828e+00,4.654357433319091797e+00
5.072549819946289062e+00,2.630352973937988281e+01,6.111160278320312500e+00,4.673756599426269531e+00
5.038338661193847656e+00,2.630352973937988281e+01,6.239153861999511719e+00,4.688751220703125000e+00
5.000257492065429688e+00,2.630352973937988281e+01,6.379830360412597656e+00,4.693599700927734375e+00
4.956421375274658203e+00,2.630352973937988281e+01,6.529812812805175781e+00,4.685376167297363281e+00
4.907960891723632812e+00,2.630352973937988281e+01,6.709846496582031250e+00,4.695960044860839844e+00
4.899569511413574219e+00,2.630352973937988281e+01,6.812760829925537109e+00,4.827331542968750000e+00
4.891662597656250000e+00,2.630352973937988281e+01,6.901699542999267578e+00,4.969951152801513672e+00
6.053030967712402344e+00,2.643334197998046875e+01,1.440183281898498535e+00,1.489269137382507324e+00
6.052004814147949219e+00,2.643334197998046875e+01,1.665314674377441406e+00,1.780151009559631348e+00
6.029752254486083984e+00,2.643334197998046875e+01,1.885703682899475098e+00,2.026062965393066406e+00
6.011211872100830078e+00,2.643334197998046875e+01,2.083019495010375977e+00,2.258787631988525391e+00
5.977913379669189453e+00,2.643334197998046875e+01,2.280249357223510742e+00,2.448301792144775391e+00
5.937567234039306641e+00,2.643334197998046875e+01,2.476272344589233398e+00,2.611937046051025391e+00
5.898942947387695312e+00,2.643334197998046875e+01,2.691716909408569336e+00,2.798251390457153320e+00
5.857287406921386719e+00,2.643334197998046875e+01,2.904319286346435547e+00,2.968516588211059570e+00
5.812235355377197266e+00,2.643334197998046875e+01,3.107192754745483398e+00,3.114441156387329102e+00
5.784502029418945312e+00,2.643334197998046875e+01,3.284536600112915039e+00,3.296902179718017578e+00
5.740789413452148438e+00,2.643334197998046875e+01,3.487459659576416016e+00,3.439189434051513672e+00
5.692135334014892578e+00,2.643334197998046875e+01,3.709480524063110352e+00,3.575591564178466797e+00
5.649744987487792969e+00,2.643334197998046875e+01,3.877028465270996094e+00,3.680948495864868164e+00
5.610150337219238281e+00,2.643334197998046875e+01,4.036924362182617188e+00,3.787051916122436523e+00
5.564595699310302734e+00,2.643334197998046875e+01,4.226316452026367188e+00,3.891978740692138672e+00
5.518601417541503906e+00,2.643334197998046875e+01,4.423562049865722656e+00,3.997883558273315430e+00
5.472620964050292969e+00,2.643334197998046875e+01,4.607346057891845703e+00,4.087679386138916016e+00
5.437610626220703125e+00,2.643334197998046875e+01,4.768389225006103516e+00,4.200399875640869141e+00
5.396557331085205078e+00,2.643334197998046875e+01,4.940762519836425781e+00,4.289363861083984375e+00
5.352450370788574219e+00,2.643334197998046875e+01,5.089451789855957031e+00,4.335675716400146484e+00
5.309875488281250000e+00,2.643334197998046875e+01,5.219785213470458984e+00,4.367399215698242188e+00
5.273327827453613281e+00,2.643334197998046875e+01,5.367562770843505859e+00,4.432761669158935547e+00
5.242125988006591797e+00,2.643334197998046875e+01,5.494900226593017578e+00,4.494422435760498047e+00
5.202294826507568359e+00,2.643334197998046875e+01,5.625088691711425781e+00,4.513132095336914062e+00
5.173849105834960938e+00,2.643334197998046875e+01,5.740174770355224609e+00,4.563025474548339844e+00
5.141394615173339844e+00,2.643334197998046875e+01,5.852067470550537109e+00,4.584872245788574219e+00
5.099430084228515625e+00,2.643334197998046875e+01,6.008965492248535156e+00,4.595087528228759766e+00
5.064832210540771484e+00,2.643334197998046875e+01,6.139603137969970703e+00,4.610508918762207031e+00
5.025213241577148438e+00,2.643334197998046875e+01,6.276865959167480469e+00,4.607124328613281250e+00
4.984536170959472656e+00,2.643334197998046875e+01,6.422020912170410156e+00,4.608513355255126953e+00
4.933858871459960938e+00,2.643334197998046875e+01,6.587834358215332031e+00,4.599664211273193359e+00
4.916385173797607422e+00,2.643334197998046875e+01,6.717011451721191406e+00,4.712561607360839844e+00
4.909033775329589844e+00,2.643334197998046875e+01,6.813332080841064453e+00,4.859627246856689453e+00
6.060348987579345703e+00,2.656354713439941406e+01,1.359930992126464844e+00,1.388068318367004395e+00
6.062422752380371094e+00,2.656354713439941406e+01,1.595679879188537598e+00,1.690370202064514160e+00
6.047051906585693359e+00,2.656354713439941406e+01,1.815184831619262695e+00,1.950069904327392578e+00
6.026342391967773438e+00,2.656354713439941406e+01,2.021583080291748047e+00,2.185762405395507812e+00
5.998213768005371094e+00,2.656354713439941406e+01,2.211032629013061523e+00,2.382081985473632812e+00
5.956911563873291016e+00,2.656354713439941406e+01,2.413032770156860352e+00,2.549265384674072266e+00
5.920737743377685547e+00,2.656354713439941406e+01,2.613992452621459961e+00,2.728944301605224609e+00
5.878091335296630859e+00,2.656354713439941406e+01,2.824719667434692383e+00,2.894080400466918945e+00
5.834739685058593750e+00,2.656354713439941406e+01,3.035965919494628906e+00,3.054485797882080078e+00
5.802894115447998047e+00,2.656354713439941406e+01,3.209829092025756836e+00,3.217575073242187500e+00
5.768396377563476562e+00,2.656354713439941406e+01,3.395007133483886719e+00,3.378908634185791016e+00
5.716083049774169922e+00,2.656354713439941406e+01,3.624480485916137695e+00,3.508345603942871094e+00
5.672996520996093750e+00,2.656354713439941406e+01,3.812464714050292969e+00,3.629934549331665039e+00
5.636179924011230469e+00,2.656354713439941406e+01,3.960273027420043945e+00,3.736017465591430664e+00
5.589586734771728516e+00,2.656354713439941406e+01,4.137161731719970703e+00,3.824706315994262695e+00
5.544128417968750000e+00,2.656354713439941406e+01,4.336127281188964844e+00,3.934118032455444336e+00
5.497884750366210938e+00,2.656354713439941406e+01,4.516690254211425781e+00,4.018795967102050781e+00
5.456259727478027344e+00,2.656354713439941406e+01,4.694455623626708984e+00,4.116160869598388672e+00
5.417425632476806641e+00,2.656354713439941406e+01,4.868206024169921875e+00,4.214956283569335938e+00
5.379557609558105469e+00,2.656354713439941406e+01,5.010381221771240234e+00,4.281967163085937500e+00
5.336589336395263672e+00,2.656354713439941406e+01,5.141273021697998047e+00,4.311131477355957031e+00
5.297193050384521484e+00,2.656354713439941406e+01,5.276336669921875000e+00,4.351917743682861328e+00
5.264124870300292969e+00,2.656354713439941406e+01,5.409613132476806641e+00,4.409447193145751953e+00
5.224576473236083984e+00,2.656354713439941406e+01,5.541874408721923828e+00,4.430599212646484375e+00
5.197763442993164062e+00,2.656354713439941406e+01,5.653049945831298828e+00,4.483473300933837891e+00
5.170311927795410156e+00,2.656354713439941406e+01,5.756630420684814453e+00,4.520295143127441406e+00
5.126984596252441406e+00,2.656354713439941406e+01,5.910141944885253906e+00,4.521860122680664062e+00
5.091533660888671875e+00,2.656354713439941406e+01,6.043204307556152344e+00,4.535463333129882812e+00
5.055840015411376953e+00,2.656354713439941406e+01,6.171286106109619141e+00,4.541749000549316406e+00
5.011297225952148438e+00,2.656354713439941406e+01,6.319561481475830078e+00,4.530743598937988281e+00
4.958736419677734375e+00,2.656354713439941406e+01,6.493448734283447266e+00,4.520385265350341797e+00
4.921175003051757812e+00,2.656354713439941406e+01,6.654145240783691406e+00,4.577318191528320312e+00
4.925645828247070312e+00,2.656354713439941406e+01,6.729805469512939453e+00,4.752691268920898438e+00
6.059578895568847656e+00,2.669375801086425781e+01,1.282064676284790039e+00,1.278951048851013184e+00
6.067019462585449219e+00,2.669375801086425781e+01,1.526278972625732422e+00,1.590451121330261230e+00
6.058706760406494141e+00,2.669375801086425781e+01,1.744657754898071289e+00,1.860340237617492676e+00
6.038464546203613281e+00,2.669375801086425781e+01,1.953091263771057129e+00,2.097188472747802734e+00
6.018065452575683594e+00,2.669375801086425781e+01,2.143174171447753906e+00,2.315566062927246094e+00
5.978202342987060547e+00,2.669375801086425781e+01,2.343243122100830078e+00,2.485610961914062500e+00
5.938025951385498047e+00,2.669375801086425781e+01,2.538947105407714844e+00,2.646949052810668945e+00
5.899326324462890625e+00,2.669375801086425781e+01,2.746720552444458008e+00,2.822497129440307617e+00
5.857968330383300781e+00,2.669375801086425781e+01,2.958527803421020508e+00,2.990657329559326172e+00
5.819216251373291016e+00,2.669375801086425781e+01,3.137319087982177734e+00,3.132665157318115234e+00
5.789368152618408203e+00,2.669375801086425781e+01,3.322283506393432617e+00,3.311187028884887695e+00
5.743253231048583984e+00,2.669375801086425781e+01,3.532502412796020508e+00,3.446849346160888672e+00
5.697037220001220703e+00,2.669375801086425781e+01,3.736616373062133789e+00,3.571225881576538086e+00
5.660154819488525391e+00,2.669375801086425781e+01,3.877589225769042969e+00,3.670231580734252930e+00
5.614061355590820312e+00,2.669375801086425781e+01,4.051857471466064453e+00,3.758226156234741211e+00
5.567882537841796875e+00,2.669375801086425781e+01,4.248327255249023438e+00,3.862066030502319336e+00
5.524242401123046875e+00,2.669375801086425781e+01,4.430590152740478516e+00,3.958541154861450195e+00
5.478799819946289062e+00,2.669375801086425781e+01,4.610411643981933594e+00,4.040041446685791016e+00
5.443381786346435547e+00,2.669375801086425781e+01,4.770762920379638672e+00,4.140482902526855469e+00
5.406145095825195312e+00,2.669375801086425781e+01,4.926226615905761719e+00,4.221389770507812500e+00
5.356518268585205078e+00,2.669375801086425781e+01,5.063528537750244141e+00,4.226394176483154297e+00
5.325192451477050781e+00,2.669375801086425781e+01,5.172236442565917969e+00,4.278443813323974609e+00
5.289178848266601562e+00,2.669375801086425781e+01,5.316845417022705078e+00,4.331481933593750000e+00
5.255357742309570312e+00,2.669375801086425781e+01,5.442865848541259766e+00,4.371177673339843750e+00
5.221972465515136719e+00,2.669375801086425781e+01,5.559973716735839844e+00,4.400554656982421875e+00
5.190427303314208984e+00,2.669375801086425781e+01,5.683485031127929688e+00,4.436096668243408203e+00
5.158479690551757812e+00,2.669375801086425781e+01,5.794178009033203125e+00,4.451934814453125000e+00
5.117594718933105469e+00,2.669375801086425781e+01,5.939814090728759766e+00,4.453362464904785156e+00
5.081094741821289062e+00,2.669375801086425781e+01,6.073035717010498047e+00,4.460938930511474609e+00
5.037528038024902344e+00,2.669375801086425781e+01,6.223688125610351562e+00,4.455842494964599609e+00
4.986047744750976562e+00,2.669375801086425781e+01,6.378236770629882812e+00,4.435565948486328125e+00
4.947849273681640625e+00,2.669375801086425781e+01,6.531081676483154297e+00,4.484163761138916016e+00
4.935112953186035156e+00,2.669375801086425781e+01,6.649103641510009766e+00,4.621150970458984375e+00
6.072571754455566406e+00,2.682376670837402344e+01,1.453484177589416504e+00,1.491383194923400879e+00
6.071932792663574219e+00,2.682376670837402344e+01,1.673115134239196777e+00,1.774078607559204102e+00
6.050119876861572266e+00,2.682376670837402344e+01,1.888247609138488770e+00,2.012203693389892578e+00
6.033357143402099609e+00,2.682376670837402344e+01,2.079352855682373047e+00,2.239867925643920898e+00
6.000527858734130859e+00,2.682376670837402344e+01,2.270778656005859375e+00,2.422052145004272461e+00
5.957235336303710938e+00,2.682376670837402344e+01,2.468017101287841797e+00,2.575395345687866211e+00
5.920809745788574219e+00,2.682376670837402344e+01,2.675728797912597656e+00,2.758554697036743164e+00
5.881127357482910156e+00,2.682376670837402344e+01,2.880300760269165039e+00,2.925468444824218750e+00
5.836590766906738281e+00,2.682376670837402344e+01,3.078627347946166992e+00,3.065704584121704102e+00
5.808367729187011719e+00,2.682376670837402344e+01,3.251008510589599609e+00,3.237041711807250977e+00
5.768169403076171875e+00,2.682376670837402344e+01,3.440584421157836914e+00,3.375743865966796875e+00
5.720648288726806641e+00,2.682376670837402344e+01,3.654654026031494141e+00,3.504743099212646484e+00
5.677040100097656250e+00,2.682376670837402344e+01,3.827684879302978516e+00,3.605884075164794922e+00
5.640191078186035156e+00,2.682376670837402344e+01,3.975126266479492188e+00,3.705976009368896484e+00
5.592308521270751953e+00,2.682376670837402344e+01,4.157691001892089844e+00,3.789765119552612305e+00
5.548900127410888672e+00,2.682376670837402344e+01,4.347313880920410156e+00,3.893359661102294922e+00
5.503996372222900391e+00,2.682376670837402344e+01,4.522078990936279297e+00,3.971608400344848633e+00
5.467720985412597656e+00,2.682376670837402344e+01,4.683669567108154297e+00,4.068201065063476562e+00
5.424484252929687500e+00,2.682376670837402344e+01,4.844452857971191406e+00,4.127233028411865234e+00
5.388521671295166016e+00,2.682376670837402344e+01,4.981291770935058594e+00,4.188756465911865234e+00
5.347100257873535156e+00,2.682376670837402344e+01,5.092450618743896484e+00,4.199512481689453125e+00
5.314886093139648438e+00,2.682376670837402344e+01,5.218694686889648438e+00,4.251983642578125000e+00
5.281440734863281250e+00,2.682376670837402344e+01,5.352622985839843750e+00,4.298567771911621094e+00
5.241230010986328125e+00,2.682376670837402344e+01,5.480786323547363281e+00,4.308656692504882812e+00
5.215939998626708984e+00,2.682376670837402344e+01,5.587111473083496094e+00,4.356255531311035156e+00
5.184680461883544922e+00,2.682376670837402344e+01,5.706604480743408203e+00,4.382406711578369141e+00
5.144347190856933594e+00,2.682376670837402344e+01,5.847147941589355469e+00,4.382070064544677734e+00
5.106050014495849609e+00,2.682376670837402344e+01,5.984624862670898438e+00,4.386121273040771484e+00
5.066471099853515625e+00,2.682376670837402344e+01,6.110054492950439453e+00,4.378256320953369141e+00
5.017760753631591797e+00,2.682376670837402344e+01,6.268397331237792969e+00,4.370651721954345703e+00
4.957907199859619141e+00,2.682376670837402344e+01,6.461416244506835938e+00,4.367601394653320312e+00
4.949474811553955078e+00,2.682376670837402344e+01,6.571140289306640625e+00,4.511010169982910156e+00
6.083299160003662109e+00,2.695377922058105469e+01,1.368714451789855957e+00,1.391557693481445312e+00
6.081704616546630859e+00,2.695377922058105469e+01,1.602576851844787598e+00,1.682077884674072266e+00
6.067844390869140625e+00,2.695377922058105469e+01,1.818115711212158203e+00,1.937456607818603516e+00
6.047852516174316406e+00,2.695377922058105469e+01,2.017575979232788086e+00,2.164437532424926758e+00
6.021132469177246094e+00,2.695377922058105469e+01,2.202212572097778320e+00,2.357020854949951172e+00
5.978663444519042969e+00,2.695377922058105469e+01,2.403532981872558594e+00,2.517474174499511719e+00
5.942070960998535156e+00,2.695377922058105469e+01,2.598073482513427734e+00,2.686623096466064453e+00
5.900582313537597656e+00,2.695377922058105469e+01,2.804309844970703125e+00,2.849114418029785156e+00
5.859752655029296875e+00,2.695377922058105469e+01,3.008210897445678711e+00,3.008012294769287109e+00
5.825340747833251953e+00,2.695377922058105469e+01,3.179980754852294922e+00,3.155374288558959961e+00
5.793951511383056641e+00,2.695377922058105469e+01,3.353308439254760742e+00,3.312128305435180664e+00
5.746899604797363281e+00,2.695377922058105469e+01,3.564757585525512695e+00,3.440703153610229492e+00
5.702757835388183594e+00,2.695377922058105469e+01,3.753169298171997070e+00,3.554012298583984375e+00
5.665811061859130859e+00,2.695377922058105469e+01,3.893458366394042969e+00,3.646783590316772461e+00
5.618789672851562500e+00,2.695377922058105469e+01,4.067190170288085938e+00,3.725268125534057617e+00
5.573297500610351562e+00,2.695377922058105469e+01,4.259536266326904297e+00,3.822537899017333984e+00
5.528617382049560547e+00,2.695377922058105469e+01,4.433865547180175781e+00,3.900778293609619141e+00
5.487444400787353516e+00,2.695377922058105469e+01,4.603453159332275391e+00,3.982613801956176758e+00
5.451228141784667969e+00,2.695377922058105469e+01,4.763501167297363281e+00,4.068733215332031250e+00
5.412598609924316406e+00,2.695377922058105469e+01,4.898256778717041016e+00,4.117102146148681641e+00
5.365668296813964844e+00,2.695377922058105469e+01,5.015520572662353516e+00,4.109680175781250000e+00
5.343436241149902344e+00,2.695377922058105469e+01,5.110115528106689453e+00,4.176073074340820312e+00
5.308677673339843750e+00,2.695377922058105469e+01,5.252997398376464844e+00,4.223570346832275391e+00
5.273957252502441406e+00,2.695377922058105469e+01,5.382326126098632812e+00,4.256246566772460938e+00
5.241746902465820312e+00,2.695377922058105469e+01,5.495548248291015625e+00,4.281163215637207031e+00
5.208166122436523438e+00,2.695377922058105469e+01,5.618057727813720703e+00,4.300881862640380859e+00
5.173859596252441406e+00,2.695377922058105469e+01,5.738519191741943359e+00,4.309260368347167969e+00
5.135178565979003906e+00,2.695377922058105469e+01,5.875343799591064453e+00,4.311800479888916016e+00
5.092990398406982422e+00,2.695377922058105469e+01,6.013134479522705078e+00,4.304070949554443359e+00
5.033209800720214844e+00,2.695377922058105469e+01,6.195420742034912109e+00,4.274014949798583984e+00
4.992733001708984375e+00,2.695377922058105469e+01,6.325406551361083984e+00,4.294639110565185547e+00
4.957288742065429688e+00,2.695377922058105469e+01,6.479303359985351562e+00,4.370342254638671875e+00
6.082938194274902344e+00,2.708378791809082031e+01,1.290805459022521973e+00,1.283078551292419434e+00
6.090188026428222656e+00,2.708378791809082031e+01,1.530292510986328125e+00,1.587187647819519043e+00
6.079648971557617188e+00,2.708378791809082031e+01,1.747279763221740723e+00,1.847793102264404297e+00
6.060047626495361328e+00,2.708378791809082031e+01,1.950402140617370605e+00,2.077475547790527344e+00
6.040407180786132812e+00,2.708378791809082031e+01,2.134381532669067383e+00,2.288439750671386719e+00
6.000726699829101562e+00,2.708378791809082031e+01,2.331600189208984375e+00,2.453337669372558594e+00
5.958585262298583984e+00,2.708378791809082031e+01,2.526221275329589844e+00,2.604905366897583008e+00
5.920392990112304688e+00,2.708378791809082031e+01,2.729889154434204102e+00,2.775382518768310547e+00
5.883320331573486328e+00,2.708378791809082031e+01,2.929361104965209961e+00,2.943050622940063477e+00
5.842015743255615234e+00,2.708378791809082031e+01,3.108498573303222656e+00,3.072474718093872070e+00
5.813014030456542969e+00,2.708378791809082031e+01,3.285638332366943359e+00,3.241252660751342773e+00
5.772728919982910156e+00,2.708378791809082031e+01,3.477621078491210938e+00,3.377272367477416992e+00
5.727404117584228516e+00,2.708378791809082031e+01,3.672846317291259766e+00,3.492187023162841797e+00
5.686241626739501953e+00,2.708378791809082031e+01,3.824728012084960938e+00,3.578221559524536133e+00
5.642712116241455078e+00,2.708378791809082031e+01,3.983855247497558594e+00,3.656410694122314453e+00
5.598184585571289062e+00,2.708378791809082031e+01,4.167719364166259766e+00,3.749546766281127930e+00
5.555738449096679688e+00,2.708378791809082031e+01,4.347447395324707031e+00,3.841339826583862305e+00
5.511413097381591797e+00,2.708378791809082031e+01,4.518996238708496094e+00,3.910997152328491211e+00
5.479403495788574219e+00,2.708378791809082031e+01,4.663821697235107422e+00,4.000172615051269531e+00
5.431605815887451172e+00,2.708378791809082031e+01,4.810591220855712891e+00,4.020311355590820312e+00
5.397731304168701172e+00,2.708378791809082031e+01,4.940641403198242188e+00,4.076090812683105469e+00
5.363591194152832031e+00,2.708378791809082031e+01,5.034229278564453125e+00,4.092926025390625000e+00
5.335216522216796875e+00,2.708378791809082031e+01,5.149014472961425781e+00,4.142517089843750000e+00
5.301209449768066406e+00,2.708378791809082031e+01,5.285922050476074219e+00,4.183406352996826172e+00
5.264202594757080078e+00,2.708378791809082031e+01,5.413238525390625000e+00,4.200586318969726562e+00
5.234035968780517578e+00,2.708378791809082031e+01,5.525582790374755859e+00,4.226036071777343750e+00
5.200376987457275391e+00,2.708378791809082031e+01,5.650582313537597656e+00,4.240886688232421875e+00
5.160799980163574219e+00,2.708378791809082031e+01,5.781109333038330078e+00,4.235953807830810547e+00
5.119554042816162109e+00,2.708378791809082031e+01,5.926275253295898438e+00,4.237789630889892578e+00
5.071020603179931641e+00,2.708378791809082031e+01,6.056363105773925781e+00,4.210454463958740234e+00
5.014393806457519531e+00,2.708378791809082031e+01,6.239354133605957031e+00,4.210909843444824219e+00
4.972201347351074219e+00,2.708378791809082031e+01,6.404531478881835938e+00,4.268750190734863281e+00
6.095112323760986328e+00,2.721379852294921875e+01,1.457395792007446289e+00,1.486966848373413086e+00
6.092836856842041016e+00,2.721379852294921875e+01,1.675545930862426758e+00,1.761318683624267578e+00
6.071680068969726562e+00,2.721379852294921875e+01,1.885886907577514648e+00,1.992750763893127441e+00
6.055384159088134766e+00,2.721379852294921875e+01,2.070391416549682617e+00,2.211412668228149414e+00
6.023261547088623047e+00,2.721379852294921875e+01,2.258103847503662109e+00,2.388642311096191406e+00
5.978652954101562500e+00,2.721379852294921875e+01,2.454219818115234375e+00,2.534319877624511719e+00
5.943438529968261719e+00,2.721379852294921875e+01,2.654626846313476562e+00,2.711255311965942383e+00
5.904211997985839844e+00,2.721379852294921875e+01,2.854648351669311523e+00,2.872514009475708008e+00
5.863035202026367188e+00,2.721379852294921875e+01,3.044886350631713867e+00,3.013034343719482422e+00
5.832423210144042969e+00,2.721379852294921875e+01,3.214485883712768555e+00,3.167994976043701172e+00
5.795012950897216797e+00,2.721379852294921875e+01,3.391697645187377930e+00,3.300476312637329102e+00
5.751667976379394531e+00,2.721379852294921875e+01,3.591820955276489258e+00,3.427708864212036133e+00
5.707497119903564453e+00,2.721379852294921875e+01,3.766466379165649414e+00,3.522583723068237305e+00
5.670431613922119141e+00,2.721379852294921875e+01,3.906389474868774414e+00,3.607800483703613281e+00
5.624055862426757812e+00,2.721379852294921875e+01,4.076377391815185547e+00,3.680354118347167969e+00
5.581482410430908203e+00,2.721379852294921875e+01,4.256785869598388672e+00,3.771926164627075195e+00
5.535871505737304688e+00,2.721379852294921875e+01,4.427838325500488281e+00,3.835440158843994141e+00
5.496910095214843750e+00,2.721379852294921875e+01,4.587673187255859375e+00,3.908429622650146484e+00
5.462808132171630859e+00,2.721379852294921875e+01,4.733884811401367188e+00,3.981473445892333984e+00
5.419222831726074219e+00,2.721379852294921875e+01,4.858973503112792969e+00,3.994088172912597656e+00
5.389642715454101562e+00,2.721379852294921875e+01,4.950846672058105469e+00,4.026950359344482422e+00
5.362974166870117188e+00,2.721379852294921875e+01,5.053547382354736328e+00,4.072980880737304688e+00
5.329245567321777344e+00,2.721379852294921875e+01,5.183893203735351562e+00,4.109393119812011719e+00
5.293904304504394531e+00,2.721379852294921875e+01,5.313535690307617188e+00,4.134988784790039062e+00
5.261036396026611328e+00,2.721379852294921875e+01,5.432785034179687500e+00,4.155644416809082031e+00
5.225955009460449219e+00,2.721379852294921875e+01,5.554158687591552734e+00,4.162839412689208984e+00
5.188267230987548828e+00,2.721379852294921875e+01,5.688344478607177734e+00,4.168166160583496094e+00
5.146820068359375000e+00,2.721379852294921875e+01,5.815154075622558594e+00,4.156706809997558594e+00
5.099618911743164062e+00,2.721379852294921875e+01,5.962772846221923828e+00,4.146752357482910156e+00
5.026783466339111328e+00,2.721379852294921875e+01,6.160387039184570312e+00,4.102413654327392578e+00
5.000596046447753906e+00,2.721379852294921875e+01,6.276289463043212891e+00,4.178920269012451172e+00
6.106740474700927734e+00,2.734400749206542969e+01,1.371369361877441406e+00,1.387620091438293457e+00
6.089409351348876953e+00,2.734400749206542969e+01,1.816292881965637207e+00,1.918328881263732910e+00
6.070305347442626953e+00,2.734400749206542969e+01,2.009121417999267578e+00,2.137465000152587891e+00
6.043480873107910156e+00,2.734400749206542969e+01,2.189340114593505859e+00,2.321682929992675781e+00
6.001899242401123047e+00,2.734400749206542969e+01,2.387699842453002930e+00,2.479170322418212891e+00
5.964693546295166016e+00,2.734400749206542969e+01,2.576522827148437500e+00,2.638041734695434570e+00
5.922503471374511719e+00,2.734400749206542969e+01,2.782124280929565430e+00,2.794999122619628906e+00
5.886071681976318359e+00,2.734400749206542969e+01,2.973740816116333008e+00,2.953167438507080078e+00
5.849168300628662109e+00,2.734400749206542969e+01,3.144112825393676758e+00,3.085736989974975586e+00
5.818403244018554688e+00,2.734400749206542969e+01,3.312133073806762695e+00,3.233766794204711914e+00
5.777984619140625000e+00,2.734400749206542969e+01,3.500696420669555664e+00,3.360957860946655273e+00
5.736503601074218750e+00,2.734400749206542969e+01,3.680884361267089844e+00,3.471549034118652344e+00
5.693957805633544922e+00,2.734400749206542969e+01,3.825626850128173828e+00,3.539277791976928711e+00
5.648618698120117188e+00,2.734400749206542969e+01,3.996114253997802734e+00,3.615407943725585938e+00
5.606332778930664062e+00,2.734400749206542969e+01,4.167062759399414062e+00,3.699207305908203125e+00
5.564726829528808594e+00,2.734400749206542969e+01,4.336190700531005859e+00,3.776434659957885742e+00
5.521392822265625000e+00,2.734400749206542969e+01,4.503583908081054688e+00,3.837988615036010742e+00
5.488605976104736328e+00,2.734400749206542969e+01,4.633611679077148438e+00,3.901777505874633789e+00
5.439280509948730469e+00,2.734400749206542969e+01,4.767867088317871094e+00,3.898763179779052734e+00
5.409721374511718750e+00,2.734400749206542969e+01,4.889470100402832031e+00,3.955671548843383789e+00
5.386192798614501953e+00,2.734400749206542969e+01,4.975061893463134766e+00,3.999292850494384766e+00
5.355269908905029297e+00,2.734400749206542969e+01,5.092012405395507812e+00,4.035579681396484375e+00
5.321521759033203125e+00,2.734400749206542969e+01,5.218863964080810547e+00,4.064963340759277344e+00
5.286291122436523438e+00,2.734400749206542969e+01,5.342100143432617188e+00,4.080141544342041016e+00
5.253122329711914062e+00,2.734400749206542969e+01,5.459312915802001953e+00,4.091801643371582031e+00
5.216879844665527344e+00,2.734400749206542969e+01,5.587182044982910156e+00,4.098248004913330078e+00
5.173221588134765625e+00,2.734400749206542969e+01,5.725176334381103516e+00,4.088208198547363281e+00
5.114904403686523438e+00,2.734400749206542969e+01,5.893601894378662109e+00,4.056363105773925781e+00
5.073083400726318359e+00,2.734400749206542969e+01,6.012694835662841797e+00,4.061534881591796875e+00
5.007780551910400391e+00,2.734400749206542969e+01,6.214960575103759766e+00,4.068097591400146484e+00
6.113637447357177734e+00,2.747401428222656250e+01,1.529268383979797363e+00,1.576578021049499512e+00
6.101315498352050781e+00,2.747401428222656250e+01,1.744785308837890625e+00,1.828297495841979980e+00
6.082478523254394531e+00,2.747401428222656250e+01,1.942866802215576172e+00,2.051363229751586914e+00
6.063733577728271484e+00,2.747401428222656250e+01,2.119565486907958984e+00,2.253458261489868164e+00
6.023937225341796875e+00,2.747401428222656250e+01,2.314049005508422852e+00,2.412550449371337891e+00
5.980048179626464844e+00,2.747401428222656250e+01,2.509103775024414062e+00,2.556995868682861328e+00
5.942645549774169922e+00,2.747401428222656250e+01,2.707645654678344727e+00,2.721690893173217773e+00
5.908146381378173828e+00,2.747401428222656250e+01,2.895721435546875000e+00,2.882773637771606445e+00
5.866329193115234375e+00,2.747401428222656250e+01,3.073845624923706055e+00,3.005324363708496094e+00
5.838042259216308594e+00,2.747401428222656250e+01,3.243200778961181641e+00,3.162983179092407227e+00
5.798972129821777344e+00,2.747401428222656250e+01,3.425108909606933594e+00,3.288466930389404297e+00
5.759005069732666016e+00,2.747401428222656250e+01,3.604383230209350586e+00,3.403424501419067383e+00
5.716666698455810547e+00,2.747401428222656250e+01,3.765439033508300781e+00,3.486463546752929688e+00
5.675324916839599609e+00,2.747401428222656250e+01,3.912966489791870117e+00,3.555751562118530273e+00
5.629802227020263672e+00,2.747401428222656250e+01,4.083385467529296875e+00,3.626028537750244141e+00
5.592195510864257812e+00,2.747401428222656250e+01,4.242516040802001953e+00,3.709652423858642578e+00
5.545568466186523438e+00,2.747401428222656250e+01,4.410191059112548828e+00,3.758242368698120117e+00
5.506255149841308594e+00,2.747401428222656250e+01,4.559502124786376953e+00,3.812357902526855469e+00
5.475207328796386719e+00,2.747401428222656250e+01,4.685533523559570312e+00,3.871553659439086914e+00
5.430402278900146484e+00,2.747401428222656250e+01,4.805395126342773438e+00,3.868273258209228516e+00
5.417139530181884766e+00,2.747401428222656250e+01,4.874044418334960938e+00,3.936821937561035156e+00
5.383286952972412109e+00,2.747401428222656250e+01,4.999860286712646484e+00,3.968919992446899414e+00
5.348923206329345703e+00,2.747401428222656250e+01,5.125385761260986328e+00,3.995080709457397461e+00
5.313371658325195312e+00,2.747401428222656250e+01,5.248893260955810547e+00,4.009684085845947266e+00
5.280449867248535156e+00,2.747401428222656250e+01,5.367313385009765625e+00,4.023709774017333984e+00
5.242368698120117188e+00,2.747401428222656250e+01,5.490396976470947266e+00,4.021039485931396484e+00
5.201303958892822266e+00,2.747401428222656250e+01,5.638163566589355469e+00,4.028288364410400391e+00
5.152004718780517578e+00,2.747401428222656250e+01,5.764782905578613281e+00,3.998018503189086914e+00
5.089591026306152344e+00,2.747401428222656250e+01,5.943783760070800781e+00,3.977591514587402344e+00
5.041228294372558594e+00,2.747401428222656250e+01,6.097683429718017578e+00,4.005488872528076172e+00
6.118341922760009766e+00,2.760422706604003906e+01,1.456001639366149902e+00,1.475921273231506348e+00
6.115526199340820312e+00,2.760422706604003906e+01,1.670493364334106445e+00,1.741530776023864746e+00
6.093849658966064453e+00,2.760422706604003906e+01,1.878968834877014160e+00,1.966672301292419434e+00
6.078716278076171875e+00,2.760422706604003906e+01,2.056447267532348633e+00,2.177312612533569336e+00
6.045787811279296875e+00,2.760422706604003906e+01,2.242492675781250000e+00,2.347347497940063477e+00
6.002675533294677734e+00,2.760422706604003906e+01,2.434204101562500000e+00,2.490914821624755859e+00
5.967752933502197266e+00,2.760422706604003906e+01,2.627102613449096680e+00,2.658081769943237305e+00
5.927191257476806641e+00,2.760422706604003906e+01,2.825761079788208008e+00,2.809968471527099609e+00
5.888828277587890625e+00,2.760422706604003906e+01,3.008925199508666992e+00,2.948870182037353516e+00
5.858312606811523438e+00,2.760422706604003906e+01,3.170929670333862305e+00,3.091151237487792969e+00
5.823021411895751953e+00,2.760422706604003906e+01,3.336722612380981445e+00,3.214807748794555664e+00
5.781447887420654297e+00,2.760422706604003906e+01,3.527187347412109375e+00,3.334160089492797852e+00
5.741861820220947266e+00,2.760422706604003906e+01,3.691079616546630859e+00,3.430018901824951172e+00
5.702165126800537109e+00,2.760422706604003906e+01,3.826148033142089844e+00,3.493193626403808594e+00
5.656350612640380859e+00,2.760422706604003906e+01,3.997762203216552734e+00,3.562417507171630859e+00
5.614654064178466797e+00,2.760422706604003906e+01,4.164689540863037109e+00,3.636913537979125977e+00
5.573575973510742188e+00,2.760422706604003906e+01,4.320230484008789062e+00,3.695643424987792969e+00
5.534098148345947266e+00,2.760422706604003906e+01,4.473820686340332031e+00,3.752392530441284180e+00
5.496949672698974609e+00,2.760422706604003906e+01,4.591642379760742188e+00,3.781374216079711914e+00
5.463404178619384766e+00,2.760422706604003906e+01,4.700292110443115234e+00,3.810003280639648438e+00
5.427891254425048828e+00,2.760422706604003906e+01,4.827174186706542969e+00,3.841839790344238281e+00
5.410511970520019531e+00,2.760422706604003906e+01,4.906515598297119141e+00,3.898057222366333008e+00
5.376425743103027344e+00,2.760422706604003906e+01,5.031914710998535156e+00,3.925432920455932617e+00
5.341428279876708984e+00,2.760422706604003906e+01,5.156097888946533203e+00,3.943222761154174805e+00
5.305183410644531250e+00,2.760422706604003906e+01,5.276460647583007812e+00,3.947672843933105469e+00
5.268851280212402344e+00,2.760422706604003906e+01,5.407089710235595703e+00,3.957610845565795898e+00
5.227788448333740234e+00,2.760422706604003906e+01,5.530398368835449219e+00,3.948107481002807617e+00
5.179322242736816406e+00,2.760422706604003906e+01,5.679578304290771484e+00,3.937270164489746094e+00
5.110167980194091797e+00,2.760422706604003906e+01,5.852532863616943359e+00,3.891437053680419922e+00
5.069256782531738281e+00,2.760422706604003906e+01,5.986801624298095703e+00,3.929672241210937500e+00
6.129750728607177734e+00,2.773423576354980469e+01,1.369936466217041016e+00,1.376457929611206055e+00
6.112253665924072266e+00,2.773423576354980469e+01,1.807083487510681152e+00,1.891291022300720215e+00
6.093619823455810547e+00,2.773423576354980469e+01,1.996384501457214355e+00,2.104499578475952148e+00
6.067413330078125000e+00,2.773423576354980469e+01,2.171429395675659180e+00,2.281533479690551758e+00
6.026238441467285156e+00,2.773423576354980469e+01,2.364182472229003906e+00,2.432433843612670898e+00
5.987778663635253906e+00,2.773423576354980469e+01,2.552219867706298828e+00,2.583791017532348633e+00
5.946043014526367188e+00,2.773423576354980469e+01,2.753498315811157227e+00,2.734243392944335938e+00
5.911993980407714844e+00,2.773423576354980469e+01,2.932953834533691406e+00,2.883697986602783203e+00
5.874410629272460938e+00,2.773423576354980469e+01,3.103064537048339844e+00,3.008743286132812500e+00
5.845227241516113281e+00,2.773423576354980469e+01,3.262329816818237305e+00,3.147477388381958008e+00
5.806558609008789062e+00,2.773423576354980469e+01,3.439269065856933594e+00,3.264357328414916992e+00
5.767107486724853516e+00,2.773423576354980469e+01,3.609277963638305664e+00,3.366421222686767578e+00
5.725261688232421875e+00,2.773423576354980469e+01,3.754204511642456055e+00,3.429903507232666016e+00
5.682106494903564453e+00,2.773423576354980469e+01,3.913341283798217773e+00,3.496612310409545898e+00
5.638740539550781250e+00,2.773423576354980469e+01,4.078039169311523438e+00,3.562363386154174805e+00
5.601615905761718750e+00,2.773423576354980469e+01,4.228445529937744141e+00,3.631349563598632812e+00
5.557370185852050781e+00,2.773423576354980469e+01,4.382971763610839844e+00,3.671093940734863281e+00
5.517118930816650391e+00,2.773423576354980469e+01,4.519109725952148438e+00,3.703356981277465820e+00
5.489022254943847656e+00,2.773423576354980469e+01,4.627065658569335938e+00,3.750627517700195312e+00
5.458301544189453125e+00,2.773423576354980469e+01,4.729785442352294922e+00,3.779272794723510742e+00
5.436380386352539062e+00,2.773423576354980469e+01,4.820048809051513672e+00,3.827603816986083984e+00
5.404388427734375000e+00,2.773423576354980469e+01,4.940652370452880859e+00,3.859108686447143555e+00
5.369894027709960938e+00,2.773423576354980469e+01,5.059994697570800781e+00,3.875526666641235352e+00
5.333303451538085938e+00,2.773423576354980469e+01,5.183031558990478516e+00,3.881293535232543945e+00
5.296921253204345703e+00,2.773423576354980469e+01,5.307909011840820312e+00,3.887583255767822266e+00
5.254866123199462891e+00,2.773423576354980469e+01,5.439985752105712891e+00,3.881936788558959961e+00
5.197761535644531250e+00,2.773423576354980469e+01,5.599826812744140625e+00,3.851877689361572266e+00
5.152948856353759766e+00,2.773423576354980469e+01,5.724189281463623047e+00,3.849704027175903320e+00
5.078152656555175781e+00,2.773423576354980469e+01,5.923435688018798828e+00,3.827411174774169922e+00
6.136868953704833984e+00,2.786424636840820312e+01,1.524011492729187012e+00,1.558430910110473633e+00
6.123681545257568359e+00,2.786424636840820312e+01,1.736754655838012695e+00,1.801720976829528809e+00
6.104899406433105469e+00,2.786424636840820312e+01,1.931186914443969727e+00,2.017386913299560547e+00
6.088448524475097656e+00,2.786424636840820312e+01,2.099712848663330078e+00,2.212987422943115234e+00
6.048359870910644531e+00,2.786424636840820312e+01,2.291767835617065430e+00,2.366781711578369141e+00
6.003197193145751953e+00,2.786424636840820312e+01,2.488042593002319336e+00,2.506215572357177734e+00
5.966264247894287109e+00,2.786424636840820312e+01,2.680022478103637695e+00,2.661759138107299805e+00
5.934974193572998047e+00,2.786424636840820312e+01,2.855093479156494141e+00,2.815712451934814453e+00
5.892146587371826172e+00,2.786424636840820312e+01,3.035767793655395508e+00,2.932957887649536133e+00
5.865299701690673828e+00,2.786424636840820312e+01,3.194128036499023438e+00,3.078186988830566406e+00
5.828147888183593750e+00,2.786424636840820312e+01,3.359855651855468750e+00,3.189241170883178711e+00
5.790439128875732422e+00,2.786424636840820312e+01,3.533325195312500000e+00,3.300583600997924805e+00
5.748546600341796875e+00,2.786424636840820312e+01,3.692328691482543945e+00,3.376453399658203125e+00
5.710979461669921875e+00,2.786424636840820312e+01,3.822145462036132812e+00,3.436043977737426758e+00
5.665782928466796875e+00,2.786424636840820312e+01,3.990015029907226562e+00,3.497102022171020508e+00
5.625390529632568359e+00,2.786424636840820312e+01,4.150829792022705078e+00,3.562836647033691406e+00
5.584418296813964844e+00,2.786424636840820312e+01,4.298424720764160156e+00,3.608511209487915039e+00
5.545182228088378906e+00,2.786424636840820312e+01,4.435609817504882812e+00,3.645427227020263672e+00
5.505929946899414062e+00,2.786424636840820312e+01,4.539780616760253906e+00,3.649205446243286133e+00
5.490818023681640625e+00,2.786424636840820312e+01,4.623238563537597656e+00,3.717198610305786133e+00
5.455245971679687500e+00,2.786424636840820312e+01,4.752642631530761719e+00,3.746967792510986328e+00
5.430731296539306641e+00,2.786424636840820312e+01,4.847756385803222656e+00,3.785449504852294922e+00
5.396114349365234375e+00,2.786424636840820312e+01,4.972827911376953125e+00,3.806571245193481445e+00
5.361205101013183594e+00,2.786424636840820312e+01,5.091206550598144531e+00,3.815374612808227539e+00
5.322709083557128906e+00,2.786424636840820312e+01,5.211528301239013672e+00,3.812258720397949219e+00
5.283232688903808594e+00,2.786424636840820312e+01,5.355363368988037109e+00,3.824703931808471680e+00
5.236102581024169922e+00,2.786424636840820312e+01,5.478719234466552734e+00,3.801539897918701172e+00
5.167301177978515625e+00,2.786424636840820312e+01,5.656895160675048828e+00,3.762861967086791992e+00
5.123848915100097656e+00,2.786424636840820312e+01,5.787293910980224609e+00,3.787878751754760742e+00
6.141578674316406250e+00,2.799445533752441406e+01,1.450212359428405762e+00,1.457919359207153320e+00
6.138889312744140625e+00,2.799445533752441406e+01,1.660642743110656738e+00,1.715550780296325684e+00
6.116112232208251953e+00,2.799445533752441406e+01,1.867561936378479004e+00,1.932899832725524902e+00
6.102116107940673828e+00,2.799445533752441406e+01,2.039887428283691406e+00,2.136617422103881836e+00
6.069563865661621094e+00,2.799445533752441406e+01,2.222287654876708984e+00,2.301134586334228516e+00
6.027921676635742188e+00,2.799445533752441406e+01,2.410491943359375000e+00,2.443066120147705078e+00
5.992060184478759766e+00,2.799445533752441406e+01,2.597551345825195312e+00,2.597533226013183594e+00
5.951817035675048828e+00,2.799445533752441406e+01,2.790658712387084961e+00,2.740707397460937500e+00
5.916744232177734375e+00,2.799445533752441406e+01,2.963097810745239258e+00,2.875103235244750977e+00
5.883700370788574219e+00,2.799445533752441406e+01,3.126387357711791992e+00,3.003544569015502930e+00
5.852711200714111328e+00,2.799445533752441406e+01,3.276777029037475586e+00,3.121028900146484375e+00
5.815154552459716797e+00,2.799445533752441406e+01,3.446544647216796875e+00,3.229120016098022461e+00
5.777324199676513672e+00,2.799445533752441406e+01,3.603156566619873047e+00,3.317658662796020508e+00
5.732334136962890625e+00,2.799445533752441406e+01,3.752746820449829102e+00,3.367532491683959961e+00
5.692907333374023438e+00,2.799445533752441406e+01,3.903687238693237305e+00,3.433448076248168945e+00
5.650054931640625000e+00,2.799445533752441406e+01,4.061998367309570312e+00,3.487667560577392578e+00
5.613406658172607422e+00,2.799445533752441406e+01,4.203185558319091797e+00,3.543315172195434570e+00
5.570638179779052734e+00,2.799445533752441406e+01,4.349690914154052734e+00,3.575589179992675781e+00
5.535139560699462891e+00,2.799445533752441406e+01,4.463146686553955078e+00,3.599836826324462891e+00
5.505842685699462891e+00,2.799445533752441406e+01,4.561045169830322266e+00,3.629064559936523438e+00
5.486418724060058594e+00,2.799445533752441406e+01,4.649591922760009766e+00,3.682405710220336914e+00
5.456867694854736328e+00,2.799445533752441406e+01,4.764020442962646484e+00,3.718737602233886719e+00
5.423981666564941406e+00,2.799445533752441406e+01,4.881333827972412109e+00,3.740304708480834961e+00
5.388007164001464844e+00,2.799445533752441406e+01,5.001834869384765625e+00,3.747942447662353516e+00
5.350017547607421875e+00,2.799445533752441406e+01,5.130825042724609375e+00,3.753667116165161133e+00
5.309446811676025391e+00,2.799445533752441406e+01,5.251348972320556641e+00,3.746626138687133789e+00
5.262387752532958984e+00,2.799445533752441406e+01,5.395051479339599609e+00,3.739020824432373047e+00
5.200024127960205078e+00,2.799445533752441406e+01,5.540807723999023438e+00,3.697860717773437500e+00
5.146500110626220703e+00,2.799445533752441406e+01,5.696450710296630859e+00,3.710114717483520508e+00
6.149768829345703125e+00,2.812466239929199219e+01,1.366507649421691895e+00,1.356044411659240723e+00
6.147777080535888672e+00,2.812466239929199219e+01,1.590916275978088379e+00,1.623784780502319336e+00
6.136050224304199219e+00,2.812466239929199219e+01,1.792712211608886719e+00,1.858019590377807617e+00
6.115938663482666016e+00,2.812466239929199219e+01,1.981605052947998047e+00,2.062775611877441406e+00
6.092390537261962891e+00,2.812466239929199219e+01,2.148818016052246094e+00,2.235435247421264648e+00
6.051501750946044922e+00,2.812466239929199219e+01,2.336403369903564453e+00,2.379734277725219727e+00
6.011753559112548828e+00,2.812466239929199219e+01,2.524874687194824219e+00,2.524047374725341797e+00
5.971707820892333984e+00,2.812466239929199219e+01,2.719231367111206055e+00,2.668724775314331055e+00
5.939404964447021484e+00,2.812466239929199219e+01,2.886171102523803711e+00,2.806482791900634766e+00
5.900824546813964844e+00,2.812466239929199219e+01,3.057305335998535156e+00,2.923417329788208008e+00
5.873513698577880859e+00,2.812466239929199219e+01,3.210100412368774414e+00,3.054878473281860352e+00
5.837072849273681641e+00,2.812466239929199219e+01,3.371014833450317383e+00,3.157862424850463867e+00
5.801717758178710938e+00,2.812466239929199219e+01,3.527088165283203125e+00,3.254589557647705078e+00
5.758080482482910156e+00,2.812466239929199219e+01,3.681616306304931641e+00,3.313314676284790039e+00
5.720852851867675781e+00,2.812466239929199219e+01,3.815046072006225586e+00,3.370604038238525391e+00
5.678214550018310547e+00,2.812466239929199219e+01,3.973628044128417969e+00,3.425222635269165039e+00
5.638181686401367188e+00,2.812466239929199219e+01,4.126643657684326172e+00,3.478412628173828125e+00
5.599125862121582031e+00,2.812466239929199219e+01,4.262350559234619141e+00,3.514481067657470703e+00
5.552615165710449219e+00,2.812466239929199219e+01,4.389076709747314453e+00,3.512176752090454102e+00
5.534301757812500000e+00,2.812466239929199219e+01,4.467640876770019531e+00,3.562921524047851562e+00
5.516400337219238281e+00,2.812466239929199219e+01,4.555268764495849609e+00,3.620535612106323242e+00
5.482723236083984375e+00,2.812466239929199219e+01,4.675342082977294922e+00,3.647243499755859375e+00
5.452433109283447266e+00,2.812466239929199219e+01,4.781773567199707031e+00,3.669800281524658203e+00
5.415726184844970703e+00,2.812466239929199219e+01,4.910688400268554688e+00,3.681932926177978516e+00
5.377999782562255859e+00,2.812466239929199219e+01,5.032911777496337891e+00,3.684314727783203125e+00
5.336847305297851562e+00,2.812466239929199219e+01,5.162510395050048828e+00,3.683068752288818359e+00
5.282631397247314453e+00,2.812466239929199219e+01,5.310125350952148438e+00,3.657579898834228516e+00
5.236411094665527344e+00,2.812466239929199219e+01,5.437290191650390625e+00,3.652870416641235352e+00
5.154117584228515625e+00,2.812466239929199219e+01,5.631835937500000000e+00,3.608375072479248047e+00
6.158153533935546875e+00,2.825467491149902344e+01,1.516784191131591797e+00,1.532187819480895996e+00
6.147097587585449219e+00,2.825467491149902344e+01,1.723112583160400391e+00,1.768780469894409180e+00
6.127630710601806641e+00,2.825467491149902344e+01,1.915092468261718750e+00,1.975808501243591309e+00
6.111936569213867188e+00,2.825467491149902344e+01,2.078904628753662109e+00,2.164139986038208008e+00
6.073824405670166016e+00,2.825467491149902344e+01,2.265393018722534180e+00,2.315443992614746094e+00
6.028917312622070312e+00,2.825467491149902344e+01,2.458642959594726562e+00,2.449520826339721680e+00
5.992326736450195312e+00,2.825467491149902344e+01,2.646165132522583008e+00,2.597409486770629883e+00
5.962288856506347656e+00,2.825467491149902344e+01,2.812119722366333008e+00,2.741136312484741211e+00
5.919541835784912109e+00,2.825467491149902344e+01,2.987828731536865234e+00,2.848485469818115234e+00
5.894684314727783203e+00,2.825467491149902344e+01,3.138252735137939453e+00,2.985059022903442383e+00
5.860561847686767578e+00,2.825467491149902344e+01,3.289308309555053711e+00,3.086090564727783203e+00
5.824508666992187500e+00,2.825467491149902344e+01,3.451990365982055664e+00,3.186363697052001953e+00
5.787679195404052734e+00,2.825467491149902344e+01,3.590857982635498047e+00,3.254666566848754883e+00
5.742942810058593750e+00,2.825467491149902344e+01,3.743368387222290039e+00,3.302060127258300781e+00
5.706594944000244141e+00,2.825467491149902344e+01,3.885707378387451172e+00,3.363722801208496094e+00
5.665212154388427734e+00,2.825467491149902344e+01,4.034121513366699219e+00,3.407944440841674805e+00
5.628241062164306641e+00,2.825467491149902344e+01,4.167193412780761719e+00,3.448626279830932617e+00
5.586906909942626953e+00,2.825467491149902344e+01,4.306791305541992188e+00,3.474296092987060547e+00
5.551744937896728516e+00,2.825467491149902344e+01,4.403631687164306641e+00,3.483517646789550781e+00
5.534181118011474609e+00,2.825467491149902344e+01,4.488149166107177734e+00,3.538620710372924805e+00
5.509227275848388672e+00,2.825467491149902344e+01,4.587687492370605469e+00,3.578791618347167969e+00
5.478149414062500000e+00,2.825467491149902344e+01,4.702835083007812500e+00,3.605805635452270508e+00
5.443737030029296875e+00,2.825467491149902344e+01,4.816563606262207031e+00,3.614570856094360352e+00
5.404738903045654297e+00,2.825467491149902344e+01,4.942749500274658203e+00,3.616859674453735352e+00
5.365356445312500000e+00,2.825467491149902344e+01,5.080334186553955078e+00,3.628249883651733398e+00
5.318216323852539062e+00,2.825467491149902344e+01,5.200642585754394531e+00,3.606206417083740234e+00
5.247922420501708984e+00,2.825467491149902344e+01,5.375014305114746094e+00,3.564995050430297852e+00
5.207684993743896484e+00,2.825467491149902344e+01,5.489531517028808594e+00,3.586660385131835938e+00
6.161553859710693359e+00,2.838468360900878906e+01,1.443784713745117188e+00,1.431149601936340332e+00
6.161610126495361328e+00,2.838468360900878906e+01,1.647050619125366211e+00,1.681562423706054688e+00
6.139852046966552734e+00,2.838468360900878906e+01,1.850597381591796875e+00,1.893365144729614258e+00
6.125095367431640625e+00,2.838468360900878906e+01,2.021370649337768555e+00,2.088927984237670898e+00
6.095232963562011719e+00,2.838468360900878906e+01,2.195599079132080078e+00,2.249384880065917969e+00
6.056296348571777344e+00,2.838468360900878906e+01,2.376342773437500000e+00,2.388438463211059570e+00
6.017873287200927734e+00,2.838468360900878906e+01,2.562345981597900391e+00,2.530148029327392578e+00
5.978472709655761719e+00,2.838468360900878906e+01,2.751270294189453125e+00,2.667227745056152344e+00
5.946728706359863281e+00,2.838468360900878906e+01,2.908905744552612305e+00,2.791946887969970703e+00
5.911802768707275391e+00,2.838468360900878906e+01,3.070772647857666016e+00,2.905901908874511719e+00
5.883748054504394531e+00,2.838468360900878906e+01,3.215535879135131836e+00,3.020567178726196289e+00
5.847867965698242188e+00,2.838468360900878906e+01,3.371345043182373047e+00,3.114646911621093750e+00
5.813129425048828125e+00,2.838468360900878906e+01,3.517012357711791992e+00,3.196453809738159180e+00
5.769092559814453125e+00,2.838468360900878906e+01,3.663746833801269531e+00,3.240240573883056641e+00
5.735165119171142578e+00,2.838468360900878906e+01,3.794275760650634766e+00,3.299616098403930664e+00
5.694388866424560547e+00,2.838468360900878906e+01,3.946483850479125977e+00,3.348702907562255859e+00
5.655851364135742188e+00,2.838468360900878906e+01,4.086849212646484375e+00,3.389755964279174805e+00
5.615010261535644531e+00,2.838468360900878906e+01,4.211947917938232422e+00,3.405036211013793945e+00
5.564007282257080078e+00,2.838468360900878906e+01,4.339436054229736328e+00,3.387517929077148438e+00
5.564797401428222656e+00,2.838468360900878906e+01,4.389953136444091797e+00,3.475308895111083984e+00
5.536501884460449219e+00,2.838468360900878906e+01,4.502081394195556641e+00,3.514662504196166992e+00
5.504106521606445312e+00,2.838468360900878906e+01,4.614301204681396484e+00,3.535483598709106445e+00
5.471673488616943359e+00,2.838468360900878906e+01,4.723330497741699219e+00,3.547958374023437500e+00
5.432884693145751953e+00,2.838468360900878906e+01,4.858211040496826172e+00,3.558296442031860352e+00
5.391211509704589844e+00,2.838468360900878906e+01,4.978755950927734375e+00,3.551651716232299805e+00
5.345222949981689453e+00,2.838468360900878906e+01,5.120645046234130859e+00,3.549625158309936523e+00
5.285033702850341797e+00,2.838468360900878906e+01,5.254442214965820312e+00,3.510274648666381836e+00
5.225332736968994141e+00,2.838468360900878906e+01,5.414500713348388672e+00,3.509299278259277344e+00
6.169006347656250000e+00,2.851469421386718750e+01,1.579376339912414551e+00,1.589747428894042969e+00
6.159682273864746094e+00,2.851469421386718750e+01,1.774835586547851562e+00,1.817488193511962891e+00
6.139197826385498047e+00,2.851469421386718750e+01,1.961601734161376953e+00,2.014550447463989258e+00
6.117218017578125000e+00,2.851469421386718750e+01,2.122345447540283203e+00,2.180986404418945312e+00
6.075597286224365234e+00,2.851469421386718750e+01,2.308786153793334961e+00,2.318738460540771484e+00
6.038435935974121094e+00,2.851469421386718750e+01,2.488587856292724609e+00,2.457526445388793945e+00
5.999897003173828125e+00,2.851469421386718750e+01,2.677103996276855469e+00,2.596577882766723633e+00
5.969054222106933594e+00,2.851469421386718750e+01,2.835905790328979492e+00,2.725157260894775391e+00
5.933676719665527344e+00,2.851469421386718750e+01,2.996791362762451172e+00,2.836280107498168945e+00
5.904559135437011719e+00,2.851469421386718750e+01,3.146687030792236328e+00,2.951708555221557617e+00
5.869372367858886719e+00,2.851469421386718750e+01,3.296420812606811523e+00,3.041791677474975586e+00
5.836473941802978516e+00,2.851469421386718750e+01,3.443911552429199219e+00,3.131156444549560547e+00
5.798528671264648438e+00,2.851469421386718750e+01,3.578532218933105469e+00,3.184242010116577148e+00
5.756203651428222656e+00,2.851469421386718750e+01,3.724339723587036133e+00,3.228220939636230469e+00
5.723095893859863281e+00,2.851469421386718750e+01,3.856513261795043945e+00,3.285713434219360352e+00
5.683540344238281250e+00,2.851469421386718750e+01,3.995386838912963867e+00,3.322035074234008789e+00
5.648416519165039062e+00,2.851469421386718750e+01,4.121517181396484375e+00,3.356504201889038086e+00
5.601696014404296875e+00,2.851469421386718750e+01,4.251115322113037109e+00,3.353982448577880859e+00
5.570618629455566406e+00,2.851469421386718750e+01,4.342421531677246094e+00,3.372205018997192383e+00
5.563428878784179688e+00,2.851469421386718750e+01,4.412222385406494141e+00,3.445887565612792969e+00
5.532857894897460938e+00,2.851469421386718750e+01,4.522274971008300781e+00,3.471449136734008789e+00
5.498422145843505859e+00,2.851469421386718750e+01,4.639483451843261719e+00,3.484517574310302734e+00
5.460740089416503906e+00,2.851469421386718750e+01,4.759033203125000000e+00,3.487830162048339844e+00
5.419247627258300781e+00,2.851469421386718750e+01,4.893236637115478516e+00,3.492832422256469727e+00
5.364632606506347656e+00,2.851469421386718750e+01,5.037075042724609375e+00,3.468530654907226562e+00
5.318578720092773438e+00,2.851469421386718750e+01,5.162074565887451172e+00,3.464690685272216797e+00
5.231296062469482422e+00,2.851469421386718750e+01,5.355197429656982422e+00,3.411963462829589844e+00
6.177711486816406250e+00,2.864470291137695312e+01,1.505992293357849121e+00,1.496683955192565918e+00
6.170571804046630859e+00,2.864470291137695312e+01,1.704965710639953613e+00,1.728343963623046875e+00
6.150728225708007812e+00,2.864470291137695312e+01,1.895298242568969727e+00,1.928132891654968262e+00
6.136475086212158203e+00,2.864470291137695312e+01,2.052844762802124023e+00,2.109071969985961914e+00
6.101085662841796875e+00,2.864470291137695312e+01,2.233898878097534180e+00,2.258499383926391602e+00
6.062387466430664062e+00,2.864470291137695312e+01,2.413040876388549805e+00,2.392576217651367188e+00
6.023609161376953125e+00,2.864470291137695312e+01,2.594508171081542969e+00,2.524295330047607422e+00
5.988208293914794922e+00,2.864470291137695312e+01,2.771592140197753906e+00,2.656759977340698242e+00
5.954634189605712891e+00,2.864470291137695312e+01,2.925471544265747070e+00,2.766159057617187500e+00
5.925164699554443359e+00,2.864470291137695312e+01,3.074814319610595703e+00,2.879352331161499023e+00
5.895369529724121094e+00,2.864470291137695312e+01,3.213986873626708984e+00,2.976814508438110352e+00
5.860884666442871094e+00,2.864470291137695312e+01,3.361377477645874023e+00,3.060523033142089844e+00
5.826255321502685547e+00,2.864470291137695312e+01,3.500527143478393555e+00,3.128736257553100586e+00
5.783298015594482422e+00,2.864470291137695312e+01,3.643459558486938477e+00,3.167458057403564453e+00
5.751005172729492188e+00,2.864470291137695312e+01,3.766607046127319336e+00,3.220236539840698242e+00
5.713208675384521484e+00,2.864470291137695312e+01,3.909551143646240234e+00,3.265541315078735352e+00
5.633487701416015625e+00,2.864470291137695312e+01,4.157164573669433594e+00,3.297021865844726562e+00
5.594544887542724609e+00,2.864470291137695312e+01,4.269686222076416016e+00,3.307452917098999023e+00
5.590012073516845703e+00,2.864470291137695312e+01,4.325259208679199219e+00,3.378099918365478516e+00
5.559394359588623047e+00,2.864470291137695312e+01,4.439199447631835938e+00,3.407083272933959961e+00
5.525861740112304688e+00,2.864470291137695312e+01,4.549180984497070312e+00,3.418028593063354492e+00
5.488719940185546875e+00,2.864470291137695312e+01,4.666756629943847656e+00,3.422635078430175781e+00
5.448382854461669922e+00,2.864470291137695312e+01,4.808519840240478516e+00,3.437923908233642578e+00
5.401176929473876953e+00,2.864470291137695312e+01,4.928642272949218750e+00,3.419661045074462891e+00
5.328711986541748047e+00,2.864470291137695312e+01,5.101273536682128906e+00,3.376857280731201172e+00
5.290088653564453125e+00,2.864470291137695312e+01,5.207417964935302734e+00,3.396825075149536133e+00
6.181895256042480469e+00,2.877490997314453125e+01,1.430900335311889648e+00,1.396297812461853027e+00
6.182460308074951172e+00,2.877490997314453125e+01,1.630860567092895508e+00,1.638359904289245605e+00
6.164139270782470703e+00,2.877490997314453125e+01,1.829024910926818848e+00,1.847197294235229492e+00
6.148471355438232422e+00,2.877490997314453125e+01,1.999202489852905273e+00,2.035108566284179688e+00
6.122950553894042969e+00,2.877490997314453125e+01,2.160591125488281250e+00,2.189516305923461914e+00
6.083796977996826172e+00,2.877490997314453125e+01,2.338328123092651367e+00,2.321166515350341797e+00
6.046936511993408203e+00,2.877490997314453125e+01,2.516642808914184570e+00,2.455294609069824219e+00
6.008613109588623047e+00,2.877490997314453125e+01,2.700833320617675781e+00,2.585901498794555664e+00
5.977948188781738281e+00,2.877490997314453125e+01,2.851633310317993164e+00,2.701058149337768555e+00
5.945434093475341797e+00,2.877490997314453125e+01,3.002240419387817383e+00,2.805345773696899414e+00
5.917116641998291016e+00,2.877490997314453125e+01,3.145582437515258789e+00,2.910567522048950195e+00
5.882734298706054688e+00,2.877490997314453125e+01,3.288611412048339844e+00,2.990156888961791992e+00
5.850970745086669922e+00,2.877490997314453125e+01,3.425194263458251953e+00,3.065151453018188477e+00
5.811580181121826172e+00,2.877490997314453125e+01,3.558889627456665039e+00,3.107003450393676758e+00
5.775241374969482422e+00,2.877490997314453125e+01,3.693807125091552734e+00,3.156889200210571289e+00
5.741252899169921875e+00,2.877490997314453125e+01,3.817385911941528320e+00,3.198501110076904297e+00
5.704355716705322266e+00,2.877490997314453125e+01,3.948594093322753906e+00,3.231169462203979492e+00
5.670074462890625000e+00,2.877490997314453125e+01,4.069912433624267578e+00,3.260621786117553711e+00
5.603439331054687500e+00,2.877490997314453125e+01,4.268100261688232422e+00,3.292917013168334961e+00
5.585919380187988281e+00,2.877490997314453125e+01,4.350839614868164062e+00,3.338659524917602539e+00
5.553446769714355469e+00,2.877490997314453125e+01,4.462519645690917969e+00,3.355005264282226562e+00
5.516438007354736328e+00,2.877490997314453125e+01,4.587379455566406250e+00,3.366507291793823242e+00
5.474595546722412109e+00,2.877490997314453125e+01,4.705948829650878906e+00,3.362119436264038086e+00
5.429831504821777344e+00,2.877490997314453125e+01,4.848338127136230469e+00,3.368065118789672852e+00
5.370316028594970703e+00,2.877490997314453125e+01,4.976282596588134766e+00,3.330576896667480469e+00
5.305921554565429688e+00,2.877490997314453125e+01,5.138384819030761719e+00,3.320989608764648438e+00
6.191356182098388672e+00,2.890492248535156250e+01,1.560952901840209961e+00,1.548194527626037598e+00
6.180988311767578125e+00,2.890492248535156250e+01,1.756308317184448242e+00,1.768031716346740723e+00
6.161524772644042969e+00,2.890492248535156250e+01,1.936802983283996582e+00,1.955872178077697754e+00
6.143665313720703125e+00,2.890492248535156250e+01,2.088980197906494141e+00,2.119003057479858398e+00
6.105519771575927734e+00,2.890492248535156250e+01,2.268882989883422852e+00,2.255643606185913086e+00
6.064486026763916016e+00,2.890492248535156250e+01,2.450258970260620117e+00,2.381145477294921875e+00
6.030876636505126953e+00,2.890492248535156250e+01,2.624083995819091797e+00,2.514762401580810547e+00
6.002092361450195312e+00,2.890492248535156250e+01,2.775232076644897461e+00,2.635683059692382812e+00
5.963537216186523438e+00,2.890492248535156250e+01,2.935125589370727539e+00,2.729980945587158203e+00
5.939894676208496094e+00,2.890492248535156250e+01,3.070019721984863281e+00,2.841024398803710938e+00
5.909739017486572266e+00,2.890492248535156250e+01,3.202897548675537109e+00,2.924528121948242188e+00
5.876533508300781250e+00,2.890492248535156250e+01,3.341325521469116211e+00,2.996330022811889648e+00
5.841861724853515625e+00,2.890492248535156250e+01,3.475018978118896484e+00,3.053267478942871094e+00
5.799445152282714844e+00,2.890492248535156250e+01,3.614899396896362305e+00,3.087868690490722656e+00
5.769510269165039062e+00,2.890492248535156250e+01,3.730870723724365234e+00,3.136607885360717773e+00
5.734313011169433594e+00,2.890492248535156250e+01,3.860541582107543945e+00,3.173336505889892578e+00
5.693678855895996094e+00,2.890492248535156250e+01,3.984694957733154297e+00,3.185281038284301758e+00
5.653650283813476562e+00,2.890492248535156250e+01,4.101228713989257812e+00,3.193989038467407227e+00
5.613907814025878906e+00,2.890492248535156250e+01,4.205939769744873047e+00,3.197164058685302734e+00
5.613515853881835938e+00,2.890492248535156250e+01,4.266501903533935547e+00,3.276757955551147461e+00
5.580626010894775391e+00,2.890492248535156250e+01,4.377803802490234375e+00,3.292351722717285156e+00
5.544302940368652344e+00,2.890492248535156250e+01,4.493468284606933594e+00,3.300068378448486328e+00
5.503741741180419922e+00,2.890492248535156250e+01,4.620869636535644531e+00,3.306857109069824219e+00
5.449599742889404297e+00,2.890492248535156250e+01,4.764094352722167969e+00,3.288762331008911133e+00
5.403405666351318359e+00,2.890492248535156250e+01,4.887633800506591797e+00,3.285611152648925781e+00
5.310609817504882812e+00,2.890492248535156250e+01,5.079629898071289062e+00,3.224111795425415039e+00
6.197293281555175781e+00,2.903512954711914062e+01,1.488870143890380859e+00,1.452696561813354492e+00
6.195055007934570312e+00,2.903512954711914062e+01,1.679414272308349609e+00,1.679244875907897949e+00
6.175094127655029297e+00,2.903512954711914062e+01,1.869204640388488770e+00,1.873550057411193848e+00
6.157060623168945312e+00,2.903512954711914062e+01,2.028994083404541016e+00,2.042022705078125000e+00
6.131568908691406250e+00,2.903512954711914062e+01,2.191636800765991211e+00,2.193606853485107422e+00
6.092789649963378906e+00,2.903512954711914062e+01,2.363353013992309570e+00,2.316560029983520508e+00
6.056476116180419922e+00,2.903512954711914062e+01,2.536584854125976562e+00,2.442528247833251953e+00
6.020666122436523438e+00,2.903512954711914062e+01,2.711681604385375977e+00,2.565732955932617188e+00
5.991821765899658203e+00,2.903512954711914062e+01,2.852380514144897461e+00,2.670605421066284180e+00
5.961421966552734375e+00,2.903512954711914062e+01,2.995431423187255859e+00,2.768354177474975586e+00
5.932946205139160156e+00,2.903512954711914062e+01,3.132273435592651367e+00,2.860350370407104492e+00
5.899709701538085938e+00,2.903512954711914062e+01,3.268671989440917969e+00,2.929953098297119141e+00
5.867966175079345703e+00,2.903512954711914062e+01,3.398728370666503906e+00,2.992477893829345703e+00
5.827287673950195312e+00,2.903512954711914062e+01,3.529994964599609375e+00,3.024908781051635742e+00
5.796564102172851562e+00,2.903512954711914062e+01,3.655626058578491211e+00,3.079759359359741211e+00
5.761462211608886719e+00,2.903512954711914062e+01,3.770209789276123047e+00,3.104846477508544922e+00
5.727066040039062500e+00,2.903512954711914062e+01,3.894775629043579102e+00,3.135931491851806641e+00
5.677819252014160156e+00,2.903512954711914062e+01,4.016441822052001953e+00,3.121670007705688477e+00
5.636394023895263672e+00,2.903512954711914062e+01,4.122946739196777344e+00,3.121397256851196289e+00
5.635025978088378906e+00,2.903512954711914062e+01,4.193614959716796875e+00,3.205521821975708008e+00
5.609617233276367188e+00,2.903512954711914062e+01,4.284497737884521484e+00,3.228281497955322266e+00
5.571125984191894531e+00,2.903512954711914062e+01,4.406180858612060547e+00,3.235322475433349609e+00
5.531516075134277344e+00,2.903512954711914062e+01,4.543448925018310547e+00,3.253365516662597656e+00
5.485549926757812500e+00,2.903512954711914062e+01,4.659425735473632812e+00,3.239824056625366211e+00
5.411955833435058594e+00,2.903512954711914062e+01,4.830920219421386719e+00,3.199130296707153320e+00
5.374669075012207031e+00,2.903512954711914062e+01,4.930169105529785156e+00,3.216915130615234375e+00
6.203307151794433594e+00,2.916514015197753906e+01,1.609752297401428223e+00,1.587527513504028320e+00
6.191448688507080078e+00,2.916514015197753906e+01,1.797019004821777344e+00,1.793429613113403320e+00
6.172744750976562500e+00,2.916514015197753906e+01,1.969982266426086426e+00,1.972216367721557617e+00
6.150676727294921875e+00,2.916514015197753906e+01,2.120027780532836914e+00,2.118860721588134766e+00
6.109814643859863281e+00,2.916514015197753906e+01,2.299617528915405273e+00,2.243965864181518555e+00
6.079153537750244141e+00,2.916514015197753906e+01,2.459713459014892578e+00,2.372041940689086914e+00
6.044081687927246094e+00,2.916514015197753906e+01,2.633219003677368164e+00,2.495692729949951172e+00
6.015087604522705078e+00,2.916514015197753906e+01,2.777328491210937500e+00,2.602921962738037109e+00
5.979235172271728516e+00,2.916514015197753906e+01,2.930639266967773438e+00,2.693787097930908203e+00
5.955936908721923828e+00,2.916514015197753906e+01,3.056978940963745117e+00,2.791048765182495117e+00
5.926840782165527344e+00,2.916514015197753906e+01,3.182037830352783203e+00,2.863217592239379883e+00
5.894872665405273438e+00,2.916514015197753906e+01,3.313173055648803711e+00,2.925850152969360352e+00
5.860225200653076172e+00,2.916514015197753906e+01,3.443948268890380859e+00,2.976444244384765625e+00
5.817522048950195312e+00,2.916514015197753906e+01,3.577839374542236328e+00,3.001993179321289062e+00
5.791140556335449219e+00,2.916514015197753906e+01,3.686195373535156250e+00,3.048920869827270508e+00
5.754787445068359375e+00,2.916514015197753906e+01,3.807435989379882812e+00,3.071627140045166016e+00
5.715611457824707031e+00,2.916514015197753906e+01,3.928536891937255859e+00,3.085968255996704102e+00
5.665801048278808594e+00,2.916514015197753906e+01,4.042999267578125000e+00,3.067957878112792969e+00
5.643373489379882812e+00,2.916514015197753906e+01,4.136977672576904297e+00,3.109637260437011719e+00
5.634758949279785156e+00,2.916514015197753906e+01,4.208739280700683594e+00,3.166455984115600586e+00
5.599299430847167969e+00,2.916514015197753906e+01,4.325972080230712891e+00,3.180114746093750000e+00
5.557032108306884766e+00,2.916514015197753906e+01,4.444875717163085938e+00,3.179217338562011719e+00
5.515436649322509766e+00,2.916514015197753906e+01,4.580523967742919922e+00,3.192796707153320312e+00
5.455652236938476562e+00,2.916514015197753906e+01,4.707193374633789062e+00,3.157722711563110352e+00
5.388564109802246094e+00,2.916514015197753906e+01,4.867285251617431641e+00,3.142825841903686523e+00
6.214634895324707031e+00,2.929535102844238281e+01,1.534422755241394043e+00,1.497646570205688477e+00
6.204761981964111328e+00,2.929535102844238281e+01,1.727782011032104492e+00,1.710533857345581055e+00
6.187144279479980469e+00,2.929535102844238281e+01,1.901037216186523438e+00,1.890044689178466797e+00
6.170585632324218750e+00,2.929535102844238281e+01,2.048945426940917969e+00,2.046655654907226562e+00
6.138063430786132812e+00,2.929535102844238281e+01,2.218891859054565430e+00,2.183809757232666016e+00
6.105679512023925781e+00,2.929535102844238281e+01,2.377163410186767578e+00,2.305963993072509766e+00
6.067890644073486328e+00,2.929535102844238281e+01,2.547508716583251953e+00,2.419550418853759766e+00
6.036158561706542969e+00,2.929535102844238281e+01,2.710180521011352539e+00,2.536239862442016602e+00
6.004173278808593750e+00,2.929535102844238281e+01,2.850886821746826172e+00,2.626258611679077148e+00
5.978901386260986328e+00,2.929535102844238281e+01,2.979859352111816406e+00,2.719926118850708008e+00
5.951141357421875000e+00,2.929535102844238281e+01,3.109631061553955078e+00,2.800339460372924805e+00
5.919095993041992188e+00,2.929535102844238281e+01,3.238184928894042969e+00,2.860397338867187500e+00
5.886907577514648438e+00,2.929535102844238281e+01,3.365441083908081055e+00,2.915061712265014648e+00
5.849222660064697266e+00,2.929535102844238281e+01,3.489293575286865234e+00,2.947158098220825195e+00
5.817336082458496094e+00,2.929535102844238281e+01,3.608249902725219727e+00,2.986991405487060547e+00
5.784176826477050781e+00,2.929535102844238281e+01,3.716278791427612305e+00,3.008640050888061523e+00
5.746869564056396484e+00,2.929535102844238281e+01,3.838500976562500000e+00,3.029718875885009766e+00
5.682894706726074219e+00,2.929535102844238281e+01,3.963414192199707031e+00,2.981204986572265625e+00
5.667751789093017578e+00,2.929535102844238281e+01,4.051938533782958984e+00,3.038822412490844727e+00
5.658727645874023438e+00,2.929535102844238281e+01,4.129506587982177734e+00,3.099193334579467773e+00
5.626561164855957031e+00,2.929535102844238281e+01,4.234621524810791016e+00,3.114139556884765625e+00
5.585693359375000000e+00,2.929535102844238281e+01,4.364057064056396484e+00,3.125913858413696289e+00
5.532036781311035156e+00,2.929535102844238281e+01,4.503659725189208984e+00,3.111932992935180664e+00
5.488214492797851562e+00,2.929535102844238281e+01,4.619962692260742188e+00,3.112220764160156250e+00
5.391439437866210938e+00,2.929535102844238281e+01,4.812563896179199219e+00,3.048445463180541992e+00
6.218125343322753906e+00,2.942535781860351562e+01,1.648512363433837891e+00,1.618909955024719238e+00
6.197559833526611328e+00,2.942535781860351562e+01,1.839902639389038086e+00,1.807902574539184570e+00
6.183139324188232422e+00,2.942535781860351562e+01,1.992155313491821289e+00,1.971238374710083008e+00
6.159903049468994141e+00,2.942535781860351562e+01,2.143996715545654297e+00,2.112542152404785156e+00
6.122285366058349609e+00,2.942535781860351562e+01,2.311471462249755859e+00,2.229934692382812500e+00
6.092143058776855469e+00,2.942535781860351562e+01,2.467979907989501953e+00,2.350242614746093750e+00
6.059467792510986328e+00,2.942535781860351562e+01,2.632961988449096680e+00,2.466339588165283203e+00
6.030098915100097656e+00,2.942535781860351562e+01,2.771857023239135742e+00,2.561970472335815430e+00
5.998595237731933594e+00,2.942535781860351562e+01,2.911903858184814453e+00,2.647787332534790039e+00
5.974186897277832031e+00,2.942535781860351562e+01,3.034812927246093750e+00,2.731544017791748047e+00
5.946131706237792969e+00,2.942535781860351562e+01,3.153790235519409180e+00,2.794994592666625977e+00
5.914768695831298828e+00,2.942535781860351562e+01,3.278524875640869141e+00,2.849921941757202148e+00
5.880665302276611328e+00,2.942535781860351562e+01,3.406515359878540039e+00,2.896109104156494141e+00
5.840179443359375000e+00,2.942535781860351562e+01,3.531056165695190430e+00,2.915666818618774414e+00
5.813831329345703125e+00,2.942535781860351562e+01,3.632497310638427734e+00,2.952075242996215820e+00
5.769690513610839844e+00,2.942535781860351562e+01,3.754794597625732422e+00,2.954381227493286133e+00
5.731896400451660156e+00,2.942535781860351562e+01,3.871244430541992188e+00,2.971784353256225586e+00
5.678099155426025391e+00,2.942535781860351562e+01,3.983381748199462891e+00,2.943615436553955078e+00
5.679264068603515625e+00,2.942535781860351562e+01,4.056414127349853516e+00,3.027181625366210938e+00
5.653252124786376953e+00,2.942535781860351562e+01,4.151421070098876953e+00,3.052220582962036133e+00
5.613246440887451172e+00,2.942535781860351562e+01,4.288721561431884766e+00,3.073300123214721680e+00
5.568335056304931641e+00,2.942535781860351562e+01,4.400877952575683594e+00,3.064041852951049805e+00
5.496166229248046875e+00,2.942535781860351562e+01,4.564348220825195312e+00,3.027795314788818359e+00
5.459433555603027344e+00,2.942535781860351562e+01,4.662350177764892578e+00,3.045909404754638672e+00
6.227740287780761719e+00,2.955537033081054688e+01,1.575928092002868652e+00,1.528301835060119629e+00
6.218423843383789062e+00,2.955537033081054688e+01,1.759964346885681152e+00,1.730025887489318848e+00
6.197006702423095703e+00,2.955537033081054688e+01,1.931358814239501953e+00,1.895902633666992188e+00
6.179509162902832031e+00,2.955537033081054688e+01,2.072215080261230469e+00,2.038684129714965820e+00
6.146149635314941406e+00,2.955537033081054688e+01,2.237144231796264648e+00,2.164034843444824219e+00
6.111445903778076172e+00,2.955537033081054688e+01,2.400697469711303711e+00,2.279208183288574219e+00
6.081830024719238281e+00,2.955537033081054688e+01,2.550162792205810547e+00,2.388437271118164062e+00
6.052628517150878906e+00,2.955537033081054688e+01,2.701526165008544922e+00,2.495884180068969727e+00
6.021184444427490234e+00,2.955537033081054688e+01,2.837176799774169922e+00,2.577514171600341797e+00
5.997550964355468750e+00,2.955537033081054688e+01,2.956648588180541992e+00,2.660583257675170898e+00
5.970669269561767578e+00,2.955537033081054688e+01,3.082821846008300781e+00,2.733962774276733398e+00
5.939478874206542969e+00,2.955537033081054688e+01,3.204056978225708008e+00,2.786212921142578125e+00
5.907439231872558594e+00,2.955537033081054688e+01,3.323709011077880859e+00,2.831164360046386719e+00
5.873123168945312500e+00,2.955537033081054688e+01,3.440771341323852539e+00,2.862495183944702148e+00
5.837524890899658203e+00,2.955537033081054688e+01,3.553520441055297852e+00,2.882591962814331055e+00
5.806782245635986328e+00,2.955537033081054688e+01,3.662017107009887695e+00,2.911672592163085938e+00
5.751198768615722656e+00,2.955537033081054688e+01,3.784855604171752930e+00,2.886679172515869141e+00
5.715091705322265625e+00,2.955537033081054688e+01,3.898615360260009766e+00,2.906803607940673828e+00
5.688818454742431641e+00,2.955537033081054688e+01,3.991977930068969727e+00,2.933781623840332031e+00
5.677878856658935547e+00,2.955537033081054688e+01,4.084979534149169922e+00,2.997547149658203125e+00
5.639867305755615234e+00,2.955537033081054688e+01,4.187900066375732422e+00,3.000502109527587891e+00
5.598629474639892578e+00,2.955537033081054688e+01,4.324022769927978516e+00,3.019172906875610352e+00
5.539822578430175781e+00,2.955537033081054688e+01,4.443485260009765625e+00,2.986229896545410156e+00
5.472509860992431641e+00,2.955537033081054688e+01,4.597754478454589844e+00,2.970813035964965820e+00
6.231943607330322266e+00,2.968557739257812500e+01,1.682634592056274414e+00,1.640392065048217773e+00
6.212758064270019531e+00,2.968557739257812500e+01,1.861875772476196289e+00,1.816984772682189941e+00
6.193249702453613281e+00,2.968557739257812500e+01,2.010044097900390625e+00,1.960854172706604004e+00
6.170553207397460938e+00,2.968557739257812500e+01,2.158753156661987305e+00,2.095272541046142578e+00
6.135961055755615234e+00,2.968557739257812500e+01,2.318068027496337891e+00,2.207103490829467773e+00
6.106849193572998047e+00,2.968557739257812500e+01,2.467167377471923828e+00,2.317242383956909180e+00
6.076441764831542969e+00,2.968557739257812500e+01,2.625131130218505859e+00,2.427606582641601562e+00
6.048366546630859375e+00,2.968557739257812500e+01,2.755449295043945312e+00,2.513505935668945312e+00
6.017080783843994141e+00,2.968557739257812500e+01,2.890167236328125000e+00,2.589196920394897461e+00
5.994605064392089844e+00,2.968557739257812500e+01,3.003826618194580078e+00,2.663740873336791992e+00
5.966807842254638672e+00,2.968557739257812500e+01,3.121903181076049805e+00,2.723047018051147461e+00
5.935689449310302734e+00,2.968557739257812500e+01,3.240377187728881836e+00,2.769928216934204102e+00
5.902715206146240234e+00,2.968557739257812500e+01,3.359705924987792969e+00,2.807246446609497070e+00
5.864817619323730469e+00,2.968557739257812500e+01,3.479274272918701172e+00,2.826960086822509766e+00
5.835266590118408203e+00,2.968557739257812500e+01,3.577313423156738281e+00,2.851410865783691406e+00
5.791315078735351562e+00,2.968557739257812500e+01,3.701349735260009766e+00,2.858574628829956055e+00
5.736070156097412109e+00,2.968557739257812500e+01,3.816061019897460938e+00,2.830922365188598633e+00
5.714876174926757812e+00,2.968557739257812500e+01,3.912221193313598633e+00,2.872902393341064453e+00
5.699650764465332031e+00,2.968557739257812500e+01,4.001749038696289062e+00,2.923587560653686523e+00
5.668097496032714844e+00,2.968557739257812500e+01,4.113045692443847656e+00,2.950307607650756836e+00
5.614095211029052734e+00,2.968557739257812500e+01,4.249568462371826172e+00,2.938789606094360352e+00
5.573578357696533203e+00,2.968557739257812500e+01,4.359809398651123047e+00,2.945402622222900391e+00
5.473769187927246094e+00,2.968557739257812500e+01,4.544754505157470703e+00,2.877561569213867188e+00
6.242780685424804688e+00,2.981578636169433594e+01,1.606282711029052734e+00,1.548096179962158203e+00
6.229605197906494141e+00,2.981578636169433594e+01,1.787829399108886719e+00,1.736266851425170898e+00
6.209645748138427734e+00,2.981578636169433594e+01,1.951849222183227539e+00,1.893475294113159180e+00
6.190135478973388672e+00,2.981578636169433594e+01,2.086653470993041992e+00,2.020816326141357422e+00
6.156472682952880859e+00,2.981578636169433594e+01,2.247385978698730469e+00,2.136091947555541992e+00
6.125191688537597656e+00,2.981578636169433594e+01,2.405327320098876953e+00,2.248866319656372070e+00
6.097951889038085938e+00,2.981578636169433594e+01,2.545632123947143555e+00,2.350385189056396484e+00
6.070784568786621094e+00,2.981578636169433594e+01,2.687788248062133789e+00,2.449201107025146484e+00
6.042100906372070312e+00,2.981578636169433594e+01,2.811368227005004883e+00,2.521514892578125000e+00
6.018374919891357422e+00,2.981578636169433594e+01,2.925471544265747070e+00,2.593334913253784180e+00
5.991882801055908203e+00,2.981578636169433594e+01,3.049742221832275391e+00,2.661947488784790039e+00
5.961538791656494141e+00,2.981578636169433594e+01,3.163467645645141602e+00,2.707232952117919922e+00
5.929486274719238281e+00,2.981578636169433594e+01,3.274829864501953125e+00,2.740905761718750000e+00
5.896664619445800781e+00,2.981578636169433594e+01,3.387152910232543945e+00,2.769062280654907227e+00
5.857790946960449219e+00,2.981578636169433594e+01,3.505345582962036133e+00,2.785272121429443359e+00
5.821599960327148438e+00,2.981578636169433594e+01,3.608210563659667969e+00,2.797253847122192383e+00
5.757618904113769531e+00,2.981578636169433594e+01,3.728654384613037109e+00,2.753167152404785156e+00
5.728058815002441406e+00,2.981578636169433594e+01,3.838702678680419922e+00,2.785562276840209961e+00
5.718054771423339844e+00,2.981578636169433594e+01,3.930821895599365234e+00,2.850592136383056641e+00
5.693065643310546875e+00,2.981578636169433594e+01,4.048872947692871094e+00,2.899481534957885742e+00
5.652151584625244141e+00,2.981578636169433594e+01,4.145123481750488281e+00,2.892741918563842773e+00
5.580235004425048828e+00,2.981578636169433594e+01,4.304835319519042969e+00,2.860639572143554688e+00
5.545053958892822266e+00,2.981578636169433594e+01,4.396349906921386719e+00,2.877694606781005859e+00
6.256320953369140625e+00,2.994559860229492188e+01,1.528941392898559570e+00,1.461078286170959473e+00
6.245415210723876953e+00,2.994559860229492188e+01,1.712260007858276367e+00,1.652751803398132324e+00
6.226233959197998047e+00,2.994559860229492188e+01,1.878100514411926270e+00,1.811990857124328613e+00
6.211006164550781250e+00,2.994559860229492188e+01,2.012347698211669922e+00,1.947275280952453613e+00
6.182976245880126953e+00,2.994559860229492188e+01,2.164726257324218750e+00,2.067935943603515625e+00
6.152446269989013672e+00,2.994559860229492188e+01,2.315054893493652344e+00,2.176127195358276367e+00
6.123614311218261719e+00,2.994559860229492188e+01,2.457912921905517578e+00,2.276289224624633789e+00
6.094320774078369141e+00,2.994559860229492188e+01,2.611198186874389648e+00,2.379812717437744141e+00
6.068815231323242188e+00,2.994559860229492188e+01,2.732354402542114258e+00,2.458225250244140625e+00
6.036229610443115234e+00,2.994559860229492188e+01,2.867217063903808594e+00,2.524877071380615234e+00
6.016352653503417969e+00,2.994559860229492188e+01,2.965576887130737305e+00,2.588630199432373047e+00
5.988999366760253906e+00,2.994559860229492188e+01,3.083785772323608398e+00,2.646250486373901367e+00
5.958288192749023438e+00,2.994559860229492188e+01,3.196742057800292969e+00,2.685564756393432617e+00
5.922701358795166016e+00,2.994559860229492188e+01,3.308354616165161133e+00,2.706376314163208008e+00
5.888374328613281250e+00,2.994559860229492188e+01,3.422071695327758789e+00,2.731512546539306641e+00
5.838462352752685547e+00,2.994559860229492188e+01,3.529200553894042969e+00,2.712407827377319336e+00
5.804771900177001953e+00,2.994559860229492188e+01,3.643728733062744141e+00,2.740041971206665039e+00
5.756376266479492188e+00,2.994559860229492188e+01,3.752733469009399414e+00,2.725978851318359375e+00
5.746979713439941406e+00,2.994559860229492188e+01,3.850530147552490234e+00,2.797186851501464844e+00
5.716224670410156250e+00,2.994559860229492188e+01,3.953522205352783203e+00,2.822596073150634766e+00
5.681356430053710938e+00,2.994559860229492188e+01,4.078851699829101562e+00,2.852496147155761719e+00
5.623869419097900391e+00,2.994559860229492188e+01,4.186349868774414062e+00,2.818559885025024414e+00
5.556271553039550781e+00,2.994559860229492188e+01,4.337624549865722656e+00,2.804220438003540039e+00
6.259195804595947266e+00,3.007541084289550781e+01,1.629431366920471191e+00,1.559468746185302734e+00
6.241052627563476562e+00,3.007541084289550781e+01,1.811230540275573730e+00,1.734194636344909668e+00
6.222157478332519531e+00,3.007541084289550781e+01,1.963712096214294434e+00,1.877399802207946777e+00
6.203617572784423828e+00,3.007541084289550781e+01,2.091855525970458984e+00,1.995159268379211426e+00
6.171099662780761719e+00,3.007541084289550781e+01,2.247463703155517578e+00,2.103440523147583008e+00
6.142383098602294922e+00,3.007541084289550781e+01,2.398464441299438477e+00,2.211098432540893555e+00
6.116589546203613281e+00,3.007541084289550781e+01,2.528665065765380859e+00,2.301734924316406250e+00
6.091885566711425781e+00,3.007541084289550781e+01,2.665033102035522461e+00,2.395783662796020508e+00
6.065881729125976562e+00,3.007541084289550781e+01,2.778835535049438477e+00,2.460989952087402344e+00
6.040315628051757812e+00,3.007541084289550781e+01,2.891042947769165039e+00,2.522192239761352539e+00
6.013849258422851562e+00,3.007541084289550781e+01,3.007505416870117188e+00,2.580869913101196289e+00
5.985252857208251953e+00,3.007541084289550781e+01,3.115086317062377930e+00,2.621820926666259766e+00
5.953911304473876953e+00,3.007541084289550781e+01,3.223793983459472656e+00,2.652204990386962891e+00
5.918586254119873047e+00,3.007541084289550781e+01,3.332847595214843750e+00,2.671563863754272461e+00
5.880338668823242188e+00,3.007541084289550781e+01,3.453453540802001953e+00,2.692948341369628906e+00
5.823400974273681641e+00,3.007541084289550781e+01,3.554733514785766602e+00,2.654341459274291992e+00
5.790684700012207031e+00,3.007541084289550781e+01,3.668589830398559570e+00,2.682360172271728516e+00
5.755558490753173828e+00,3.007541084289550781e+01,3.781220674514770508e+00,2.704116106033325195e+00
5.739271640777587891e+00,3.007541084289550781e+01,3.885838031768798828e+00,2.765571355819702148e+00
5.693849563598632812e+00,3.007541084289550781e+01,4.014588356018066406e+00,2.774544954299926758e+00
5.659408569335937500e+00,3.007541084289550781e+01,4.105089664459228516e+00,2.783265113830566406e+00
5.555517196655273438e+00,3.007541084289550781e+01,4.285963535308837891e+00,2.711775541305541992e+00
6.266835689544677734e+00,3.020561981201171875e+01,1.558126688003540039e+00,1.468155503273010254e+00
6.260961055755615234e+00,3.020561981201171875e+01,1.728813648223876953e+00,1.652271032333374023e+00
6.240499496459960938e+00,3.020561981201171875e+01,1.888206243515014648e+00,1.798184752464294434e+00
6.224557876586914062e+00,3.020561981201171875e+01,2.016948699951171875e+00,1.921284079551696777e+00
6.197709560394287109e+00,3.020561981201171875e+01,2.164488792419433594e+00,2.034921884536743164e+00
6.170187950134277344e+00,3.020561981201171875e+01,2.304239034652709961e+00,2.135582447052001953e+00
6.142190456390380859e+00,3.020561981201171875e+01,2.439962625503540039e+00,2.226457357406616211e+00
6.114222049713134766e+00,3.020561981201171875e+01,2.588339567184448242e+00,2.323243856430053711e+00
6.091019630432128906e+00,3.020561981201171875e+01,2.702260732650756836e+00,2.395746469497680664e+00
6.062103748321533203e+00,3.020561981201171875e+01,2.827860832214355469e+00,2.460003137588500977e+00
6.037891864776611328e+00,3.020561981201171875e+01,2.925123453140258789e+00,2.508095264434814453e+00
6.010989665985107422e+00,3.020561981201171875e+01,3.035803794860839844e+00,2.556542158126831055e+00
5.980830192565917969e+00,3.020561981201171875e+01,3.146512746810913086e+00,2.592395067214965820e+00
5.941803455352783203e+00,3.020561981201171875e+01,3.257522344589233398e+00,2.604968070983886719e+00
5.905397415161132812e+00,3.020561981201171875e+01,3.364994525909423828e+00,2.621892929077148438e+00
5.857054710388183594e+00,3.020561981201171875e+01,3.480573177337646484e+00,2.615529298782348633e+00
5.804999828338623047e+00,3.020561981201171875e+01,3.586646318435668945e+00,2.594279289245605469e+00
5.791622161865234375e+00,3.020561981201171875e+01,3.687941074371337891e+00,2.657892465591430664e+00
5.765831470489501953e+00,3.020561981201171875e+01,3.812790870666503906e+00,2.712647199630737305e+00
5.729123592376708984e+00,3.020561981201171875e+01,3.916224718093872070e+00,2.725251674652099609e+00
5.663487434387207031e+00,3.020561981201171875e+01,4.058886528015136719e+00,2.701911926269531250e+00
5.630416870117187500e+00,3.020561981201171875e+01,4.138920783996582031e+00,2.715819120407104492e+00
6.272001266479492188e+00,3.033582687377929688e+01,1.648106336593627930e+00,1.556305885314941406e+00
6.254746437072753906e+00,3.033582687377929688e+01,1.822104454040527344e+00,1.720276951789855957e+00
6.236119747161865234e+00,3.033582687377929688e+01,1.966572165489196777e+00,1.850972890853881836e+00
6.219046592712402344e+00,3.033582687377929688e+01,2.088617801666259766e+00,1.960870027542114258e+00
6.188169956207275391e+00,3.033582687377929688e+01,2.239282369613647461e+00,2.063858747482299805e+00
6.162141323089599609e+00,3.033582687377929688e+01,2.377765178680419922e+00,2.161696195602416992e+00
6.136806011199951172e+00,3.033582687377929688e+01,2.498678922653198242e+00,2.239969730377197266e+00
6.113220214843750000e+00,3.033582687377929688e+01,2.635490417480468750e+00,2.331962108612060547e+00
6.090045928955078125e+00,3.033582687377929688e+01,2.744406938552856445e+00,2.396184921264648438e+00
6.063863277435302734e+00,3.033582687377929688e+01,2.850884199142456055e+00,2.447406768798828125e+00
6.033864974975585938e+00,3.033582687377929688e+01,2.958820581436157227e+00,2.486096143722534180e+00
6.008212089538574219e+00,3.033582687377929688e+01,3.060959100723266602e+00,2.526908874511718750e+00
5.975577831268310547e+00,3.033582687377929688e+01,3.174050569534301758e+00,2.558165788650512695e+00
5.923899650573730469e+00,3.033582687377929688e+01,3.282487869262695312e+00,2.540053844451904297e+00
5.890455245971679688e+00,3.033582687377929688e+01,3.400156497955322266e+00,2.571583271026611328e+00
5.839189052581787109e+00,3.033582687377929688e+01,3.497714281082153320e+00,2.545765638351440430e+00
5.806807994842529297e+00,3.033582687377929688e+01,3.620433092117309570e+00,2.583130121231079102e+00
5.785927772521972656e+00,3.033582687377929688e+01,3.723343849182128906e+00,2.633659601211547852e+00
5.756816864013671875e+00,3.033582687377929688e+01,3.845738410949707031e+00,2.678348302841186523e+00
5.702808380126953125e+00,3.033582687377929688e+01,3.953595638275146484e+00,2.657617330551147461e+00
5.640286445617675781e+00,3.033582687377929688e+01,4.085319519042968750e+00,2.645535469055175781e+00
6.278887271881103516e+00,3.046563911437988281e+01,1.577449917793273926e+00,1.464683532714843750e+00
6.275346755981445312e+00,3.046563911437988281e+01,1.738648772239685059e+00,1.638773202896118164e+00
6.254653930664062500e+00,3.046563911437988281e+01,1.891118764877319336e+00,1.772343754768371582e+00
6.239982128143310547e+00,3.046563911437988281e+01,2.012488365173339844e+00,1.885814666748046875e+00
6.214628219604492188e+00,3.046563911437988281e+01,2.155003547668457031e+00,1.993549466133117676e+00
6.189262390136718750e+00,3.046563911437988281e+01,2.284993410110473633e+00,2.085673809051513672e+00
6.160972118377685547e+00,3.046563911437988281e+01,2.415709018707275391e+00,2.166504621505737305e+00
6.135204792022705078e+00,3.046563911437988281e+01,2.553695440292358398e+00,2.254516363143920898e+00
6.113571643829345703e+00,3.046563911437988281e+01,2.666000604629516602e+00,2.325679779052734375e+00
6.088772773742675781e+00,3.046563911437988281e+01,2.780577182769775391e+00,2.387449979782104492e+00
6.061707496643066406e+00,3.046563911437988281e+01,2.880319118499755859e+00,2.426839828491210938e+00
6.033266544342041016e+00,3.046563911437988281e+01,2.984277725219726562e+00,2.463045358657836914e+00
6.002370834350585938e+00,3.046563911437988281e+01,3.092334747314453125e+00,2.495173931121826172e+00
5.964735031127929688e+00,3.046563911437988281e+01,3.206698656082153320e+00,2.515798568725585938e+00
5.906792640686035156e+00,3.046563911437988281e+01,3.310241460800170898e+00,2.480893611907958984e+00
5.871170997619628906e+00,3.046563911437988281e+01,3.428736925125122070e+00,2.507127046585083008e+00
5.833041667938232422e+00,3.046563911437988281e+01,3.531765937805175781e+00,2.518204450607299805e+00
5.814914703369140625e+00,3.046563911437988281e+01,3.646147012710571289e+00,2.583758831024169922e+00
5.766398906707763672e+00,3.046563911437988281e+01,3.785962343215942383e+00,2.599901199340820312e+00
5.740270137786865234e+00,3.046563911437988281e+01,3.875221252441406250e+00,2.627964735031127930e+00
5.635621070861816406e+00,3.046563911437988281e+01,4.041268348693847656e+00,2.554492950439453125e+00
6.284726619720458984e+00,3.059584617614746094e+01,1.658831000328063965e+00,1.541242599487304688e+00
6.270245552062988281e+00,3.059584617614746094e+01,1.822493672370910645e+00,1.694973945617675781e+00
6.252213954925537109e+00,3.059584617614746094e+01,1.960529685020446777e+00,1.815762758255004883e+00
6.236182212829589844e+00,3.059584617614746094e+01,2.076118230819702148e+00,1.917310595512390137e+00
6.207777976989746094e+00,3.059584617614746094e+01,2.221648931503295898e+00,2.016860961914062500e+00
6.186520576477050781e+00,3.059584617614746094e+01,2.342623710632324219e+00,2.104721307754516602e+00
6.158170700073242188e+00,3.059584617614746094e+01,2.462636232376098633e+00,2.171225309371948242e+00
6.135873317718505859e+00,3.059584617614746094e+01,2.595330715179443359e+00,2.258978128433227539e+00
6.114462852478027344e+00,3.059584617614746094e+01,2.698143959045410156e+00,2.319000482559204102e+00
6.087002277374267578e+00,3.059584617614746094e+01,2.810271501541137695e+00,2.368371248245239258e+00
6.056661128997802734e+00,3.059584617614746094e+01,2.907142639160156250e+00,2.394751787185668945e+00
6.024256229400634766e+00,3.059584617614746094e+01,3.010296106338500977e+00,2.420467615127563477e+00
5.994077682495117188e+00,3.059584617614746094e+01,3.121243238449096680e+00,2.456960439682006836e+00
5.932528972625732422e+00,3.059584617614746094e+01,3.235607624053955078e+00,2.423576593399047852e+00
5.887438774108886719e+00,3.059584617614746094e+01,3.345031976699829102e+00,2.423958063125610352e+00
5.873040199279785156e+00,3.059584617614746094e+01,3.441032171249389648e+00,2.481180906295776367e+00
5.832575798034667969e+00,3.059584617614746094e+01,3.585730791091918945e+00,2.521150588989257812e+00
5.801216602325439453e+00,3.059584617614746094e+01,3.685099840164184570e+00,2.546958208084106445e+00
5.740412235260009766e+00,3.059584617614746094e+01,3.826114416122436523e+00,2.539834737777709961e+00
5.711329936981201172e+00,3.059584617614746094e+01,3.908036947250366211e+00,2.563730001449584961e+00
6.292167663574218750e+00,3.072605514526367188e+01,1.584954261779785156e+00,1.448266863822937012e+00
6.290743350982666016e+00,3.072605514526367188e+01,1.738662242889404297e+00,1.613277554512023926e+00
6.270970344543457031e+00,3.072605514526367188e+01,1.884715676307678223e+00,1.737707495689392090e+00
6.256944656372070312e+00,3.072605514526367188e+01,1.996804714202880859e+00,1.839333534240722656e+00
6.233449935913085938e+00,3.072605514526367188e+01,2.133432865142822266e+00,1.941278219223022461e+00
6.209604740142822266e+00,3.072605514526367188e+01,2.256930828094482422e+00,2.025919675827026367e+00
6.181293964385986328e+00,3.072605514526367188e+01,2.384072542190551758e+00,2.099216222763061523e+00
6.154695987701416016e+00,3.072605514526367188e+01,2.514813661575317383e+00,2.175979852676391602e+00
6.140494346618652344e+00,3.072605514526367188e+01,2.626125097274780273e+00,2.260340452194213867e+00
6.114522457122802734e+00,3.072605514526367188e+01,2.727533578872680664e+00,2.304740428924560547e+00
6.084498405456542969e+00,3.072605514526367188e+01,2.829345941543579102e+00,2.336559772491455078e+00
6.039586544036865234e+00,3.072605514526367188e+01,2.935089349746704102e+00,2.337064743041992188e+00
6.010556221008300781e+00,3.072605514526367188e+01,3.039622068405151367e+00,2.371930122375488281e+00
5.977869033813476562e+00,3.072605514526367188e+01,3.151924610137939453e+00,2.402177572250366211e+00
5.918766498565673828e+00,3.072605514526367188e+01,3.255047559738159180e+00,2.367958784103393555e+00
5.876188278198242188e+00,3.072605514526367188e+01,3.383341550827026367e+00,2.390777587890625000e+00
5.862506866455078125e+00,3.072605514526367188e+01,3.483219385147094727e+00,2.455303907394409180e+00
5.832427978515625000e+00,3.072605514526367188e+01,3.613850116729736328e+00,2.506905317306518555e+00
5.775422573089599609e+00,3.072605514526367188e+01,3.725445747375488281e+00,2.488399028778076172e+00
5.717960357666015625e+00,3.072605514526367188e+01,3.853915691375732422e+00,2.488859653472900391e+00
6.298403739929199219e+00,3.085626411437988281e+01,1.659116625785827637e+00,1.514035701751708984e+00
6.287663936614990234e+00,3.085626411437988281e+01,1.815521717071533203e+00,1.662344217300415039e+00
6.269919395446777344e+00,3.085626411437988281e+01,1.947536110877990723e+00,1.773849010467529297e+00
6.254434108734130859e+00,3.085626411437988281e+01,2.051912307739257812e+00,1.861843347549438477e+00
6.231070995330810547e+00,3.085626411437988281e+01,2.185404300689697266e+00,1.956439495086669922e+00
6.210194587707519531e+00,3.085626411437988281e+01,2.300289869308471680e+00,2.035195827484130859e+00
6.180546283721923828e+00,3.085626411437988281e+01,2.423247337341308594e+00,2.099291563034057617e+00
6.158592224121093750e+00,3.085626411437988281e+01,2.546607494354248047e+00,2.177093505859375000e+00
6.139736652374267578e+00,3.085626411437988281e+01,2.643509626388549805e+00,2.234568357467651367e+00
6.113646507263183594e+00,3.085626411437988281e+01,2.754400730133056641e+00,2.283562183380126953e+00
6.079361915588378906e+00,3.085626411437988281e+01,2.856038093566894531e+00,2.305180788040161133e+00
6.025470733642578125e+00,3.085626411437988281e+01,2.962692975997924805e+00,2.288331747055053711e+00
5.994139671325683594e+00,3.085626411437988281e+01,3.069149732589721680e+00,2.318128347396850586e+00
5.955437183380126953e+00,3.085626411437988281e+01,3.183414936065673828e+00,2.336414813995361328e+00
5.911318778991699219e+00,3.085626411437988281e+01,3.293266773223876953e+00,2.343604087829589844e+00
5.895074844360351562e+00,3.085626411437988281e+01,3.405454635620117188e+00,2.412754297256469727e+00
5.839674472808837891e+00,3.085626411437988281e+01,3.562134027481079102e+00,2.432235240936279297e+00
5.817557334899902344e+00,3.085626411437988281e+01,3.642575740814208984e+00,2.463523149490356445e+00
5.708708763122558594e+00,3.085626411437988281e+01,3.812043666839599609e+00,2.394691944122314453e+00
6.308320045471191406e+00,3.098647117614746094e+01,1.580477595329284668e+00,1.421668887138366699e+00
6.306918144226074219e+00,3.098647117614746094e+01,1.729638099670410156e+00,1.577002048492431641e+00
6.290044784545898438e+00,3.098647117614746094e+01,1.868269920349121094e+00,1.695506811141967773e+00
6.272783279418945312e+00,3.098647117614746094e+01,1.975217103958129883e+00,1.781972169876098633e+00
6.253880500793457031e+00,3.098647117614746094e+01,2.099208116531372070e+00,1.876853346824645996e+00
6.230716705322265625e+00,3.098647117614746094e+01,2.221889972686767578e+00,1.957978606224060059e+00
6.209204673767089844e+00,3.098647117614746094e+01,2.340732097625732422e+00,2.036046743392944336e+00
6.175227165222167969e+00,3.098647117614746094e+01,2.464403867721557617e+00,2.089074850082397461e+00
6.155692100524902344e+00,3.098647117614746094e+01,2.570816516876220703e+00,2.153583049774169922e+00
6.136054039001464844e+00,3.098647117614746094e+01,2.673192262649536133e+00,2.210102796554565430e+00
6.103974342346191406e+00,3.098647117614746094e+01,2.776934862136840820e+00,2.239221572875976562e+00
6.062850475311279297e+00,3.098647117614746094e+01,2.886254549026489258e+00,2.252755403518676758e+00
6.009390354156494141e+00,3.098647117614746094e+01,2.986629009246826172e+00,2.233734369277954102e+00
5.975833415985107422e+00,3.098647117614746094e+01,3.097640037536621094e+00,2.261712074279785156e+00
5.951928138732910156e+00,3.098647117614746094e+01,3.204887866973876953e+00,2.308285474777221680e+00
5.906863212585449219e+00,3.098647117614746094e+01,3.352064847946166992e+00,2.345355272293090820e+00
5.876885414123535156e+00,3.098647117614746094e+01,3.450659513473510742e+00,2.375975847244262695e+00
5.818726539611816406e+00,3.098647117614746094e+01,3.591736793518066406e+00,2.379815578460693359e+00
5.788944244384765625e+00,3.098647117614746094e+01,3.671173334121704102e+00,2.400997877120971680e+00
6.314153671264648438e+00,3.111628723144531250e+01,1.645256757736206055e+00,1.474095463752746582e+00
6.307425022125244141e+00,3.111628723144531250e+01,1.795399188995361328e+00,1.618425846099853516e+00
6.288733482360839844e+00,3.111628723144531250e+01,1.923609375953674316e+00,1.720774173736572266e+00
6.274299144744873047e+00,3.111628723144531250e+01,2.019252777099609375e+00,1.798452615737915039e+00
6.251802921295166016e+00,3.111628723144531250e+01,2.147300958633422852e+00,1.885859966278076172e+00
6.232062339782714844e+00,3.111628723144531250e+01,2.258077621459960938e+00,1.960659503936767578e+00
6.203551292419433594e+00,3.111628723144531250e+01,2.375614404678344727e+00,2.020690202713012695e+00
6.165024280548095703e+00,3.111628723144531250e+01,2.496001720428466797e+00,2.058112382888793945e+00
6.152791976928710938e+00,3.111628723144531250e+01,2.593959093093872070e+00,2.126485586166381836e+00
6.129837036132812500e+00,3.111628723144531250e+01,2.702788352966308594e+00,2.180206537246704102e+00
6.091136455535888672e+00,3.111628723144531250e+01,2.804453134536743164e+00,2.194323301315307617e+00
6.040544509887695312e+00,3.111628723144531250e+01,2.909187555313110352e+00,2.185613632202148438e+00
5.999930858612060547e+00,3.111628723144531250e+01,3.016722917556762695e+00,2.198095798492431641e+00
5.955279350280761719e+00,3.111628723144531250e+01,3.141539335250854492e+00,2.218418598175048828e+00
5.938567638397216797e+00,3.111628723144531250e+01,3.252695322036743164e+00,2.285308122634887695e+00
5.910398483276367188e+00,3.111628723144531250e+01,3.379676818847656250e+00,2.340173006057739258e+00
5.843234539031982422e+00,3.111628723144531250e+01,3.500025987625122070e+00,2.313898563385009766e+00
5.793756484985351562e+00,3.111628723144531250e+01,3.620349407196044922e+00,2.327497482299804688e+00
6.322584629058837891e+00,3.124649429321289062e+01,1.707112073898315430e+00,1.524774193763732910e+00
6.306538581848144531e+00,3.124649429321289062e+01,1.842038869857788086e+00,1.637008547782897949e+00
6.280707359313964844e+00,3.124649429321289062e+01,1.958160281181335449e+00,1.711740016937255859e+00
6.272178173065185547e+00,3.124649429321289062e+01,2.060847759246826172e+00,1.802469730377197266e+00
6.256930828094482422e+00,3.124649429321289062e+01,2.185250282287597656e+00,1.897936701774597168e+00
6.235331058502197266e+00,3.124649429321289062e+01,2.293357133865356445e+00,1.964337825775146484e+00
6.203943729400634766e+00,3.124649429321289062e+01,2.407649278640747070e+00,2.012194156646728516e+00
6.160226821899414062e+00,3.124649429321289062e+01,2.521945238113403320e+00,2.031624078750610352e+00
6.142713069915771484e+00,3.124649429321289062e+01,2.621728897094726562e+00,2.089298486709594727e+00
6.124653339385986328e+00,3.124649429321289062e+01,2.719192028045654297e+00,2.143147945404052734e+00
6.076836585998535156e+00,3.124649429321289062e+01,2.830424308776855469e+00,2.146549701690673828e+00
6.039450645446777344e+00,3.124649429321289062e+01,2.934976577758789062e+00,2.163402080535888672e+00
5.993418693542480469e+00,3.124649429321289062e+01,3.055175542831420898e+00,2.178513288497924805e+00
5.973475933074951172e+00,3.124649429321289062e+01,3.173638105392456055e+00,2.245708703994750977e+00
5.921017169952392578e+00,3.124649429321289062e+01,3.327335357666015625e+00,2.274168252944946289e+00
5.897275924682617188e+00,3.124649429321289062e+01,3.407524108886718750e+00,2.302381515502929688e+00
5.782115459442138672e+00,3.124649429321289062e+01,3.576368808746337891e+00,2.232653141021728516e+00
6.331076145172119141e+00,3.137670135498046875e+01,1.621607184410095215e+00,1.424747347831726074e+00
6.326269149780273438e+00,3.137670135498046875e+01,1.761999964714050293e+00,1.558464288711547852e+00
6.303568840026855469e+00,3.137670135498046875e+01,1.889256596565246582e+00,1.648835420608520508e+00
6.285934925079345703e+00,3.137670135498046875e+01,1.981001496315002441e+00,1.713298559188842773e+00
6.266839981079101562e+00,3.137670135498046875e+01,2.100307941436767578e+00,1.796484589576721191e+00
6.248436927795410156e+00,3.137670135498046875e+01,2.215045690536499023e+00,1.874481439590454102e+00
6.221491336822509766e+00,3.137670135498046875e+01,2.325669050216674805e+00,1.928946614265441895e+00
6.184791564941406250e+00,3.137670135498046875e+01,2.446094036102294922e+00,1.968276739120483398e+00
6.155060768127441406e+00,3.137670135498046875e+01,2.543622493743896484e+00,2.001421213150024414e+00
6.135529518127441406e+00,3.137670135498046875e+01,2.652547359466552734e+00,2.061962842941284180e+00
6.091304302215576172e+00,3.137670135498046875e+01,2.754910707473754883e+00,2.067878961563110352e+00
6.078319072723388672e+00,3.137670135498046875e+01,2.854970216751098633e+00,2.128736257553100586e+00
6.032840728759765625e+00,3.137670135498046875e+01,2.972172021865844727e+00,2.143264770507812500e+00
5.983922958374023438e+00,3.137670135498046875e+01,3.119422435760498047e+00,2.177845954895019531e+00
5.952193260192871094e+00,3.137670135498046875e+01,3.222656726837158203e+00,2.210382699966430664e+00
5.897256374359130859e+00,3.137670135498046875e+01,3.360840559005737305e+00,2.222967147827148438e+00
5.865921020507812500e+00,3.137670135498046875e+01,3.436187028884887695e+00,2.238945245742797852e+00
6.348427772521972656e+00,3.150651550292968750e+01,1.539027333259582520e+00,1.342391371726989746e+00
6.339207649230957031e+00,3.150651550292968750e+01,1.674662232398986816e+00,1.463588237762451172e+00
6.324315071105957031e+00,3.150651550292968750e+01,1.806024193763732910e+00,1.569962263107299805e+00
6.303982257843017578e+00,3.150651550292968750e+01,1.920889377593994141e+00,1.649581909179687500e+00
6.280243396759033203e+00,3.150651550292968750e+01,2.020003080368041992e+00,1.707570791244506836e+00
6.262030601501464844e+00,3.150651550292968750e+01,2.135419130325317383e+00,1.786220669746398926e+00
6.246492862701416016e+00,3.150651550292968750e+01,2.244537830352783203e+00,1.861060857772827148e+00
6.214261054992675781e+00,3.150651550292968750e+01,2.354539394378662109e+00,1.901921987533569336e+00
6.182280063629150391e+00,3.150651550292968750e+01,2.468319654464721680e+00,1.944961547851562500e+00
6.156701087951660156e+00,3.150651550292968750e+01,2.569416761398315430e+00,1.988824367523193359e+00
6.135635375976562500e+00,3.150651550292968750e+01,2.678134441375732422e+00,2.044136047363281250e+00
6.077336311340332031e+00,3.150651550292968750e+01,2.784744262695312500e+00,2.027831315994262695e+00
6.071161746978759766e+00,3.150651550292968750e+01,2.893123149871826172e+00,2.108311414718627930e+00
6.018028736114501953e+00,3.150651550292968750e+01,3.023780584335327148e+00,2.124256849288940430e+00
5.987444877624511719e+00,3.150651550292968750e+01,3.150592803955078125e+00,2.176234483718872070e+00
5.909971237182617188e+00,3.150651550292968750e+01,3.281453132629394531e+00,2.145675897598266602e+00
5.873847961425781250e+00,3.150651550292968750e+01,3.381372213363647461e+00,2.171006917953491211e+00
6.328523635864257812e+00,3.163672256469726562e+01,1.287558197975158691e+00,1.060129880905151367e+00
6.351323604583740234e+00,3.163672256469726562e+01,1.450848460197448730e+00,1.237666964530944824e+00
6.344310283660888672e+00,3.163672256469726562e+01,1.591771364212036133e+00,1.363423943519592285e+00
6.342941761016845703e+00,3.163672256469726562e+01,1.721500754356384277e+00,1.487117528915405273e+00
6.327563762664794922e+00,3.163672256469726562e+01,1.843287110328674316e+00,1.580887913703918457e+00
6.286653518676757812e+00,3.163672256469726562e+01,1.956406712532043457e+00,1.623079776763916016e+00
6.274083137512207031e+00,3.163672256469726562e+01,2.053839206695556641e+00,1.695529341697692871e+00
6.257737159729003906e+00,3.163672256469726562e+01,2.166511774063110352e+00,1.771380543708801270e+00
6.251486301422119141e+00,3.163672256469726562e+01,2.260562419891357422e+00,1.846537351608276367e+00
6.205757141113281250e+00,3.163672256469726562e+01,2.391675949096679688e+00,1.880900979042053223e+00
6.191462993621826172e+00,3.163672256469726562e+01,2.492815017700195312e+00,1.945967674255371094e+00
6.160257339477539062e+00,3.163672256469726562e+01,2.597622632980346680e+00,1.980728983879089355e+00
6.114041805267333984e+00,3.163672256469726562e+01,2.710027933120727539e+00,1.991510152816772461e+00
6.086726665496826172e+00,3.163672256469726562e+01,2.825677871704101562e+00,2.040523767471313477e+00
6.054558277130126953e+00,3.163672256469726562e+01,2.943576574325561523e+00,2.085676193237304688e+00
6.004103183746337891e+00,3.163672256469726562e+01,3.095776081085205078e+00,2.121351957321166992e+00
5.973715782165527344e+00,3.163672256469726562e+01,3.180591106414794922e+00,2.141493797302246094e+00
5.854512691497802734e+00,3.163672256469726562e+01,3.343792676925659180e+00,2.072957754135131836e+00
6.293343067169189453e+00,3.176653480529785156e+01,1.189060807228088379e+00,9.233698248863220215e-01
6.340751647949218750e+00,3.176653480529785156e+01,1.356573224067687988e+00,1.116590261459350586e+00
6.356424331665039062e+00,3.176653480529785156e+01,1.508686900138854980e+00,1.275442719459533691e+00
6.346673965454101562e+00,3.176653480529785156e+01,1.640849113464355469e+00,1.387014985084533691e+00
6.342792510986328125e+00,3.176653480529785156e+01,1.765204548835754395e+00,1.498768568038940430e+00
6.315509319305419922e+00,3.176653480529785156e+01,1.872535943984985352e+00,1.558701992034912109e+00
6.293648242950439453e+00,3.176653480529785156e+01,1.973774790763854980e+00,1.619849562644958496e+00
6.267610549926757812e+00,3.176653480529785156e+01,2.085231304168701172e+00,1.679087281227111816e+00
6.253367900848388672e+00,3.176653480529785156e+01,2.194351673126220703e+00,1.751984477043151855e+00
6.213011741638183594e+00,3.176653480529785156e+01,2.308032035827636719e+00,1.783718228340148926e+00
6.224224567413330078e+00,3.176653480529785156e+01,2.415531873703002930e+00,1.898284554481506348e+00
6.188982963562011719e+00,3.176653480529785156e+01,2.518915414810180664e+00,1.925886392593383789e+00
6.159391880035400391e+00,3.176653480529785156e+01,2.630787849426269531e+00,1.966673135757446289e+00
6.106429100036621094e+00,3.176653480529785156e+01,2.749534368515014648e+00,1.974264383316040039e+00
6.081081390380859375e+00,3.176653480529785156e+01,2.880172967910766602e+00,2.041362762451171875e+00
6.030943870544433594e+00,3.176653480529785156e+01,2.994802474975585938e+00,2.052523374557495117e+00
5.978787422180175781e+00,3.176653480529785156e+01,3.128015518188476562e+00,2.070676565170288086e+00
5.943069458007812500e+00,3.176653480529785156e+01,3.208676099777221680e+00,2.083500862121582031e+00
6.284803867340087891e+00,3.189674186706542969e+01,1.059887051582336426e+00,7.965465784072875977e-01
6.322599887847900391e+00,3.189674186706542969e+01,1.258598089218139648e+00,9.927762746810913086e-01
6.351922988891601562e+00,3.189674186706542969e+01,1.416914343833923340e+00,1.162668824195861816e+00
6.355914115905761719e+00,3.189674186706542969e+01,1.554955244064331055e+00,1.293288588523864746e+00
6.348514080047607422e+00,3.189674186706542969e+01,1.684899926185607910e+00,1.402703762054443359e+00
6.332931041717529297e+00,3.189674186706542969e+01,1.808235764503479004e+00,1.493299365043640137e+00
6.307087898254394531e+00,3.189674186706542969e+01,1.912544608116149902e+00,1.551157712936401367e+00
6.300507545471191406e+00,3.189674186706542969e+01,2.007960319519042969e+00,1.628217220306396484e+00
6.274477005004882812e+00,3.189674186706542969e+01,2.118439435958862305e+00,1.683824181556701660e+00
6.258150100708007812e+00,3.189674186706542969e+01,2.227349281311035156e+00,1.752436041831970215e+00
6.211966991424560547e+00,3.189674186706542969e+01,2.342137813568115234e+00,1.776866197586059570e+00
6.228496074676513672e+00,3.189674186706542969e+01,2.443272352218627930e+00,1.892108201980590820e+00
6.190524101257324219e+00,3.189674186706542969e+01,2.547852277755737305e+00,1.913880586624145508e+00
6.144293308258056641e+00,3.189674186706542969e+01,2.673121929168701172e+00,1.938650488853454590e+00
6.099755764007568359e+00,3.189674186706542969e+01,2.804802417755126953e+00,1.975089073181152344e+00
6.065177917480468750e+00,3.189674186706542969e+01,2.924311637878417969e+00,2.016869783401489258e+00
5.966419219970703125e+00,3.189674186706542969e+01,3.073519229888916016e+00,1.973147869110107422e+00
5.953458786010742188e+00,3.189674186706542969e+01,3.149513959884643555e+00,2.019416093826293945e+00
6.274402141571044922e+00,3.202695083618164062e+01,9.068493843078613281e-01,6.589325666427612305e-01
6.293902397155761719e+00,3.202695083618164062e+01,1.145067334175109863e+00,8.580567836761474609e-01
6.340824604034423828e+00,3.202695083618164062e+01,1.314997196197509766e+00,1.041095018386840820e+00
6.358363151550292969e+00,3.202695083618164062e+01,1.468334913253784180e+00,1.193664312362670898e+00
6.353323936462402344e+00,3.202695083618164062e+01,1.599867701530456543e+00,1.304845929145812988e+00
6.350868225097656250e+00,3.202695083618164062e+01,1.723133683204650879e+00,1.412413477897644043e+00
6.329289436340332031e+00,3.202695083618164062e+01,1.839611053466796875e+00,1.486856937408447266e+00
6.330116748809814453e+00,3.202695083618164062e+01,1.932485461235046387e+00,1.573088049888610840e+00
6.309211254119873047e+00,3.202695083618164062e+01,2.039204597473144531e+00,1.634992599487304688e+00
6.280343055725097656e+00,3.202695083618164062e+01,2.154740571975708008e+00,1.689824342727661133e+00
6.253013134002685547e+00,3.202695083618164062e+01,2.255964756011962891e+00,1.735079407691955566e+00
6.230206012725830078e+00,3.202695083618164062e+01,2.378948688507080078e+00,1.802318215370178223e+00
6.213230609893798828e+00,3.202695083618164062e+01,2.482034444808959961e+00,1.859168291091918945e+00
6.176513671875000000e+00,3.202695083618164062e+01,2.600739479064941406e+00,1.896050095558166504e+00
6.128942966461181641e+00,3.202695083618164062e+01,2.722683191299438477e+00,1.921596527099609375e+00
6.089353084564208984e+00,3.202695083618164062e+01,2.864170789718627930e+00,1.971926093101501465e+00
6.047242164611816406e+00,3.202695083618164062e+01,2.957456588745117188e+00,1.980634927749633789e+00
5.936621665954589844e+00,3.202695083618164062e+01,3.106788873672485352e+00,1.927544355392456055e+00
6.224493026733398438e+00,3.215676116943359375e+01,7.289198637008666992e-01,4.960076212882995605e-01
6.289443016052246094e+00,3.215676116943359375e+01,1.012598276138305664e+00,7.375257015228271484e-01
6.306214332580566406e+00,3.215676116943359375e+01,1.217122316360473633e+00,9.107055664062500000e-01
6.348831653594970703e+00,3.215676116943359375e+01,1.372142910957336426e+00,1.077973842620849609e+00
6.360627174377441406e+00,3.215676116943359375e+01,1.510703682899475098e+00,1.210004925727844238e+00
6.353034019470214844e+00,3.215676116943359375e+01,1.643854141235351562e+00,1.316919922828674316e+00
6.346079826354980469e+00,3.215676116943359375e+01,1.759368300437927246e+00,1.409730195999145508e+00
6.287308692932128906e+00,3.215676116943359375e+01,1.870941162109375000e+00,1.427830457687377930e+00
6.339245796203613281e+00,3.215676116943359375e+01,1.966092586517333984e+00,1.583007216453552246e+00
6.317605495452880859e+00,3.215676116943359375e+01,2.073172330856323242e+00,1.643386602401733398e+00
6.282335281372070312e+00,3.215676116943359375e+01,2.193880319595336914e+00,1.692724943161010742e+00
6.253684043884277344e+00,3.215676116943359375e+01,2.298605203628540039e+00,1.737055540084838867e+00
6.245040893554687500e+00,3.215676116943359375e+01,2.407949924468994141e+00,1.812984347343444824e+00
6.200322151184082031e+00,3.215676116943359375e+01,2.521507740020751953e+00,1.834590792655944824e+00
6.155702114105224609e+00,3.215676116943359375e+01,2.657637357711791992e+00,1.876574039459228516e+00
6.109441757202148438e+00,3.215676116943359375e+01,2.774173736572265625e+00,1.900125265121459961e+00
6.060194492340087891e+00,3.215676116943359375e+01,2.897368907928466797e+00,1.920217871665954590e+00
6.022271156311035156e+00,3.215676116943359375e+01,2.978329658508300781e+00,1.931390881538391113e+00
6.243283271789550781e+00,3.228736877441406250e+01,4.639679193496704102e-01,3.129436969757080078e-01
6.271897315979003906e+00,3.228736877441406250e+01,8.444015383720397949e-01,5.914499759674072266e-01
6.297913551330566406e+00,3.228736877441406250e+01,1.091867446899414062e+00,7.914780378341674805e-01
6.334736824035644531e+00,3.228736877441406250e+01,1.266454339027404785e+00,9.581658840179443359e-01
6.353816986083984375e+00,3.228736877441406250e+01,1.419022440910339355e+00,1.101511478424072266e+00
6.357410907745361328e+00,3.228736877441406250e+01,1.550869941711425781e+00,1.216825485229492188e+00
6.350930213928222656e+00,3.228736877441406250e+01,1.681215286254882812e+00,1.320252180099487305e+00
6.332431793212890625e+00,3.228736877441406250e+01,1.803178548812866211e+00,1.400202393531799316e+00
6.349211692810058594e+00,3.228736877441406250e+01,1.894670009613037109e+00,1.502680778503417969e+00
6.338274478912353516e+00,3.228736877441406250e+01,2.003562211990356445e+00,1.580522537231445312e+00
6.309298038482666016e+00,3.228736877441406250e+01,2.118445873260498047e+00,1.635956764221191406e+00
6.283694267272949219e+00,3.228736877441406250e+01,2.227465867996215820e+00,1.689445614814758301e+00
6.267174243927001953e+00,3.228736877441406250e+01,2.330085754394531250e+00,1.748485326766967773e+00
6.234111309051513672e+00,3.228736877441406250e+01,2.447118759155273438e+00,1.792468070983886719e+00
6.179768085479736328e+00,3.228736877441406250e+01,2.594210386276245117e+00,1.828354358673095703e+00
6.139247894287109375e+00,3.228736877441406250e+01,2.704106569290161133e+00,1.857190966606140137e+00
6.052007675170898438e+00,3.228736877441406250e+01,2.844551801681518555e+00,1.834634780883789062e+00
6.033466339111328125e+00,3.228736877441406250e+01,2.921101808547973633e+00,1.872054100036621094e+00
6.826608657836914062e+00,3.241718292236328125e+01,5.362740159034729004e-02,6.547236442565917969e-02
6.303766727447509766e+00,3.241718292236328125e+01,6.525958776473999023e-01,4.581647217273712158e-01
6.300329208374023438e+00,3.241718292236328125e+01,9.440259337425231934e-01,6.693671345710754395e-01
6.310678482055664062e+00,3.241718292236328125e+01,1.152268171310424805e+00,8.328891992568969727e-01
6.343012809753417969e+00,3.241718292236328125e+01,1.313762187957763672e+00,9.853221178054809570e-01
6.350933074951171875e+00,3.241718292236328125e+01,1.459652185440063477e+00,1.110715746879577637e+00
6.356172561645507812e+00,3.241718292236328125e+01,1.590561866760253906e+00,1.224484801292419434e+00
6.347449779510498047e+00,3.241718292236328125e+01,1.717455387115478516e+00,1.319542527198791504e+00
6.329383850097656250e+00,3.241718292236328125e+01,1.828705549240112305e+00,1.389495134353637695e+00
6.347803115844726562e+00,3.241718292236328125e+01,1.936887741088867188e+00,1.504373788833618164e+00
6.332382678985595703e+00,3.241718292236328125e+01,2.041884183883666992e+00,1.572593688964843750e+00
6.304652214050292969e+00,3.241718292236328125e+01,2.158423900604248047e+00,1.629555940628051758e+00
6.276651382446289062e+00,3.241718292236328125e+01,2.267720460891723633e+00,1.676971793174743652e+00
6.257755279541015625e+00,3.241718292236328125e+01,2.381923675537109375e+00,1.741079211235046387e+00
6.207143783569335938e+00,3.241718292236328125e+01,2.501934766769409180e+00,1.764780282974243164e+00
6.165108203887939453e+00,3.241718292236328125e+01,2.640753269195556641e+00,1.813111662864685059e+00
6.127110004425048828e+00,3.241718292236328125e+01,2.728521585464477539e+00,1.827755928039550781e+00
6.031326770782470703e+00,3.241718292236328125e+01,2.864625215530395508e+00,1.796357512474060059e+00
6.454468727111816406e+00,3.254698944091796875e+01,3.671730756759643555e-01,2.869443297386169434e-01
6.350022792816162109e+00,3.254698944091796875e+01,7.774958014488220215e-01,5.612301826477050781e-01
6.301769256591796875e+00,3.254698944091796875e+01,1.037288069725036621e+00,7.264449596405029297e-01
6.345372200012207031e+00,3.254698944091796875e+01,1.366275906562805176e+00,1.009705781936645508e+00
6.349926948547363281e+00,3.254698944091796875e+01,1.492691874504089355e+00,1.114999890327453613e+00
6.353782653808593750e+00,3.254698944091796875e+01,1.628893017768859863e+00,1.228192687034606934e+00
6.330996513366699219e+00,3.254698944091796875e+01,1.751697301864624023e+00,1.300853133201599121e+00
6.366825580596923828e+00,3.254698944091796875e+01,1.826908707618713379e+00,1.409233093261718750e+00
6.338189601898193359e+00,3.254698944091796875e+01,1.978333711624145508e+00,1.495238423347473145e+00
6.321178913116455078e+00,3.254698944091796875e+01,2.084711790084838867e+00,1.560088157653808594e+00
6.296831130981445312e+00,3.254698944091796875e+01,2.197101831436157227e+00,1.615739822387695312e+00
6.265642642974853516e+00,3.254698944091796875e+01,2.311405181884765625e+00,1.663035392761230469e+00
6.234718322753906250e+00,3.254698944091796875e+01,2.437882661819458008e+00,1.721655607223510742e+00
6.169125080108642578e+00,3.254698944091796875e+01,2.574778556823730469e+00,1.735998034477233887e+00
6.138715267181396484e+00,3.254698944091796875e+01,2.676039457321166992e+00,1.772017836570739746e+00
6.098954677581787109e+00,3.254698944091796875e+01,2.752182483673095703e+00,1.779605984687805176e+00
6.852508068084716797e+00,3.267720031738281250e+01,1.043459698557853699e-01,1.250424683094024658e-01
6.478768348693847656e+00,3.267720031738281250e+01,5.587199330329895020e-01,4.408714473247528076e-01
6.386729240417480469e+00,3.267720031738281250e+01,8.736560940742492676e-01,6.418465375900268555e-01
6.299684524536132812e+00,3.267720031738281250e+01,1.118599057197570801e+00,7.701087594032287598e-01
6.335708141326904297e+00,3.267720031738281250e+01,1.278020381927490234e+00,9.142364859580993652e-01
6.354200363159179688e+00,3.267720031738281250e+01,1.418099761009216309e+00,1.037959218025207520e+00
6.357504367828369141e+00,3.267720031738281250e+01,1.539570808410644531e+00,1.136594414710998535e+00
6.353974342346191406e+00,3.267720031738281250e+01,1.668545484542846680e+00,1.234076499938964844e+00
6.331318855285644531e+00,3.267720031738281250e+01,1.789576530456542969e+00,1.304968595504760742e+00
6.388985633850097656e+00,3.267720031738281250e+01,1.841310977935791016e+00,1.422294974327087402e+00
6.329338550567626953e+00,3.267720031738281250e+01,2.018393039703369141e+00,1.486049771308898926e+00
6.319723129272460938e+00,3.267720031738281250e+01,2.121639490127563477e+00,1.555423736572265625e+00
6.281142711639404297e+00,3.267720031738281250e+01,2.242786169052124023e+00,1.598646879196166992e+00
6.248151302337646484e+00,3.267720031738281250e+01,2.380992889404296875e+00,1.663487434387207031e+00
6.212715148925781250e+00,3.267720031738281250e+01,2.484696865081787109e+00,1.698418378829956055e+00
6.131224155426025391e+00,3.267720031738281250e+01,2.621352910995483398e+00,1.690127491950988770e+00
6.109884262084960938e+00,3.267720031738281250e+01,2.697559118270874023e+00,1.723544001579284668e+00
6.710275650024414062e+00,3.280741119384765625e+01,1.949181705713272095e-01,1.898098289966583252e-01
6.479844093322753906e+00,3.280741119384765625e+01,6.917924880981445312e-01,5.380242466926574707e-01
6.412246704101562500e+00,3.280741119384765625e+01,9.537761807441711426e-01,7.046217322349548340e-01
6.302534103393554688e+00,3.280741119384765625e+01,1.188300371170043945e+00,8.070499897003173828e-01
6.349435329437255859e+00,3.280741119384765625e+01,1.331380128860473633e+00,9.473415017127990723e-01
6.362534523010253906e+00,3.280741119384765625e+01,1.462940335273742676e+00,1.058852195739746094e+00
6.365714073181152344e+00,3.280741119384765625e+01,1.587637186050415039e+00,1.157934665679931641e+00
6.369540691375732422e+00,3.280741119384765625e+01,1.705151438713073730e+00,1.255016088485717773e+00
6.348421573638916016e+00,3.280741119384765625e+01,1.820477008819580078e+00,1.324086785316467285e+00
6.344460964202880859e+00,3.280741119384765625e+01,1.946045279502868652e+00,1.418067693710327148e+00
6.326705932617187500e+00,3.280741119384765625e+01,2.056059837341308594e+00,1.482117056846618652e+00
6.303989410400390625e+00,3.280741119384765625e+01,2.173953771591186523e+00,1.544533729553222656e+00
6.255570411682128906e+00,3.280741119384765625e+01,2.300516605377197266e+00,1.581744313240051270e+00
6.229609012603759766e+00,3.280741119384765625e+01,2.430930614471435547e+00,1.648745298385620117e+00
6.199300765991210938e+00,3.280741119384765625e+01,2.509840488433837891e+00,1.670603275299072266e+00
6.104500293731689453e+00,3.280741119384765625e+01,2.640966653823852539e+00,1.646889805793762207e+00
6.519636631011962891e+00,3.293722152709960938e+01,4.423298537731170654e-01,3.468104004859924316e-01
6.435419559478759766e+00,3.293722152709960938e+01,7.969962358474731445e-01,5.853033661842346191e-01
6.378825187683105469e+00,3.293722152709960938e+01,1.039363741874694824e+00,7.330321073532104492e-01
6.307208061218261719e+00,3.293722152709960938e+01,1.253985524177551270e+00,8.413041830062866211e-01
6.358532428741455078e+00,3.293722152709960938e+01,1.385383605957031250e+00,9.756130576133728027e-01
6.372801780700683594e+00,3.293722152709960938e+01,1.508718490600585938e+00,1.080715179443359375e+00
6.376659393310546875e+00,3.293722152709960938e+01,1.632429480552673340e+00,1.180133700370788574e+00
6.383705139160156250e+00,3.293722152709960938e+01,1.736430406570434570e+00,1.271193504333496094e+00
6.371471881866455078e+00,3.293722152709960938e+01,1.850120306015014648e+00,1.348278045654296875e+00
6.339202404022216797e+00,3.293722152709960938e+01,1.986347436904907227e+00,1.414237022399902344e+00
6.320502758026123047e+00,3.293722152709960938e+01,2.100691556930541992e+00,1.479573130607604980e+00
6.285863876342773438e+00,3.293722152709960938e+01,2.223958730697631836e+00,1.533408164978027344e+00
6.222167491912841797e+00,3.293722152709960938e+01,2.374264001846313477e+00,1.566985011100769043e+00
6.204498767852783203e+00,3.293722152709960938e+01,2.457282543182373047e+00,1.608523368835449219e+00
6.123299121856689453e+00,3.293722152709960938e+01,2.561382055282592773e+00,1.586728096008300781e+00
6.736684322357177734e+00,3.306742858886718750e+01,1.659045964479446411e-01,1.578955501317977905e-01
6.446776390075683594e+00,3.306742858886718750e+01,5.890629291534423828e-01,4.247798025608062744e-01
6.396028518676757812e+00,3.306742858886718750e+01,8.895794749259948730e-01,6.206314563751220703e-01
6.299772262573242188e+00,3.306742858886718750e+01,1.132244110107421875e+00,7.371166348457336426e-01
6.331890583038330078e+00,3.306742858886718750e+01,1.295441746711730957e+00,8.714646100997924805e-01
6.358961105346679688e+00,3.306742858886718750e+01,1.432415246963500977e+00,9.902271628379821777e-01
6.372773170471191406e+00,3.306742858886718750e+01,1.555801391601562500e+00,1.094135046005249023e+00
6.396412849426269531e+00,3.306742858886718750e+01,1.666258335113525391e+00,1.204146265983581543e+00
6.338977813720703125e+00,3.306742858886718750e+01,1.807857275009155273e+00,1.252184033393859863e+00
6.357146263122558594e+00,3.306742858886718750e+01,1.909593820571899414e+00,1.349175214767456055e+00
6.332740306854248047e+00,3.306742858886718750e+01,2.031394481658935547e+00,1.413510680198669434e+00
6.300168991088867188e+00,3.306742858886718750e+01,2.162550210952758789e+00,1.475917100906372070e+00
6.268517017364501953e+00,3.306742858886718750e+01,2.271163463592529297e+00,1.521982431411743164e+00
6.203583240509033203e+00,3.306742858886718750e+01,2.399020433425903320e+00,1.537110805511474609e+00
6.184082031250000000e+00,3.306742858886718750e+01,2.471289634704589844e+00,1.570439338684082031e+00
6.685924530029296875e+00,3.319763946533203125e+01,1.970442384481430054e-01,1.728913635015487671e-01
6.362133979797363281e+00,3.319763946533203125e+01,7.143121957778930664e-01,4.721390306949615479e-01
6.354331493377685547e+00,3.319763946533203125e+01,9.746845960617065430e-01,6.464102864265441895e-01
6.305481910705566406e+00,3.319763946533203125e+01,1.188075542449951172e+00,7.643538713455200195e-01
6.345372676849365234e+00,3.319763946533203125e+01,1.337015271186828613e+00,8.925861120223999023e-01
6.353606700897216797e+00,3.319763946533203125e+01,1.477692842483520508e+00,9.987403750419616699e-01
6.350636005401611328e+00,3.319763946533203125e+01,1.610985875129699707e+00,1.093819379806518555e+00
6.381591796875000000e+00,3.319763946533203125e+01,1.716561675071716309e+00,1.203884840011596680e+00
6.331426143646240234e+00,3.319763946533203125e+01,1.851992964744567871e+00,1.252746939659118652e+00
6.341718196868896484e+00,3.319763946533203125e+01,1.961830496788024902e+00,1.344972133636474609e+00
6.316284656524658203e+00,3.319763946533203125e+01,2.087235450744628906e+00,1.411941885948181152e+00
6.278672218322753906e+00,3.319763946533203125e+01,2.207815170288085938e+00,1.460051655769348145e+00
6.254698753356933594e+00,3.319763946533203125e+01,2.293840169906616211e+00,1.496567606925964355e+00
6.177207469940185547e+00,3.319763946533203125e+01,2.413804531097412109e+00,1.495527982711791992e+00
6.452338695526123047e+00,3.332744979858398438e+01,4.074396789073944092e-01,2.820000052452087402e-01
6.151178359985351562e+00,3.332744979858398438e+01,8.605801463127136230e-01,4.812139272689819336e-01
6.301298141479492188e+00,3.332744979858398438e+01,1.057066321372985840e+00,6.620145440101623535e-01
6.310692310333251953e+00,3.332744979858398438e+01,1.238726377487182617e+00,7.862489819526672363e-01
6.336771011352539062e+00,3.332744979858398438e+01,1.388573288917541504e+00,9.044969677925109863e-01
6.342457771301269531e+00,3.332744979858398438e+01,1.524309277534484863e+00,1.003991484642028809e+00
6.325168132781982422e+00,3.332744979858398438e+01,1.664886832237243652e+00,1.089229583740234375e+00
6.327912330627441406e+00,3.332744979858398438e+01,1.783870339393615723e+00,1.176024675369262695e+00
6.318223953247070312e+00,3.332744979858398438e+01,1.900740742683410645e+00,1.250562667846679688e+00
6.296649456024169922e+00,3.332744979858398438e+01,2.025918483734130859e+00,1.320331096649169922e+00
6.283390998840332031e+00,3.332744979858398438e+01,2.145192861557006836e+00,1.393993854522705078e+00
6.267004489898681641e+00,3.332744979858398438e+01,2.236146450042724609e+00,1.442770123481750488e+00
6.135792255401611328e+00,3.332744979858398438e+01,2.368159294128417969e+00,1.396022558212280273e+00
6.383452892303466797e+00,3.345765686035156250e+01,5.630385875701904297e-01,3.627152144908905029e-01
6.348449707031250000e+00,3.345765686035156250e+01,9.833890795707702637e-01,6.229645609855651855e-01
6.323875427246093750e+00,3.345765686035156250e+01,1.165684342384338379e+00,7.297700643539428711e-01
6.312791347503662109e+00,3.345765686035156250e+01,1.577124834060668945e+00,9.979063272476196289e-01
6.283466339111328125e+00,3.345765686035156250e+01,1.723637104034423828e+00,1.073105335235595703e+00
6.254634857177734375e+00,3.345765686035156250e+01,1.856241941452026367e+00,1.138258099555969238e+00
6.262045860290527344e+00,3.345765686035156250e+01,1.968831539154052734e+00,1.222937703132629395e+00
6.253404140472412109e+00,3.345765686035156250e+01,2.082803249359130859e+00,1.295412898063659668e+00
6.247048377990722656e+00,3.345765686035156250e+01,2.176282167434692383e+00,1.355079293251037598e+00
6.239356994628906250e+00,3.345765686035156250e+01,2.252711772918701172e+00,1.403290390968322754e+00
6.610337257385253906e+00,3.358786773681640625e+01,2.401000410318374634e-01,1.820763200521469116e-01
6.344791412353515625e+00,3.358786773681640625e+01,7.193449735641479492e-01,4.430376291275024414e-01
6.358394145965576172e+00,3.358786773681640625e+01,1.120838046073913574e+00,7.031653523445129395e-01
6.344085693359375000e+00,3.358786773681640625e+01,1.271964669227600098e+00,7.945991158485412598e-01
6.335465908050537109e+00,3.358786773681640625e+01,1.523602485656738281e+00,9.579712152481079102e-01
6.297694683074951172e+00,3.358786773681640625e+01,1.657455325126647949e+00,1.018692731857299805e+00
6.247829437255859375e+00,3.358786773681640625e+01,1.793568015098571777e+00,1.069939494132995605e+00
6.222695350646972656e+00,3.358786773681640625e+01,1.912323236465454102e+00,1.129489541053771973e+00
6.208100318908691406e+00,3.358786773681640625e+01,2.028315305709838867e+00,1.195428490638732910e+00
6.212005615234375000e+00,3.358786773681640625e+01,2.118464946746826172e+00,1.259955406188964844e+00
6.221142768859863281e+00,3.358786773681640625e+01,2.189987659454345703e+00,1.319515705108642578e+00
6.433018207550048828e+00,3.371807861328125000e+01,4.622207283973693848e-01,2.964706420898437500e-01
6.354932308197021484e+00,3.371807861328125000e+01,1.068296551704406738e+00,6.531693339347839355e-01
6.371737480163574219e+00,3.371807861328125000e+01,1.246692299842834473e+00,7.768694758415222168e-01
6.357251167297363281e+00,3.371807861328125000e+01,1.488525748252868652e+00,9.297592043876647949e-01
6.338338851928710938e+00,3.371807861328125000e+01,1.607715368270874023e+00,9.952045083045959473e-01
6.296984195709228516e+00,3.371807861328125000e+01,1.736003756523132324e+00,1.048861265182495117e+00
6.250502586364746094e+00,3.371807861328125000e+01,1.859528660774230957e+00,1.095874667167663574e+00
6.219609260559082031e+00,3.371807861328125000e+01,1.966229915618896484e+00,1.143451690673828125e+00
6.184731483459472656e+00,3.371807861328125000e+01,2.066125154495239258e+00,1.181349754333496094e+00
6.191127777099609375e+00,3.371807861328125000e+01,2.132917404174804688e+00,1.233515501022338867e+00
6.502175807952880859e+00,3.384828567504882812e+01,4.251312911510467529e-01,2.805281877517700195e-01
6.355051994323730469e+00,3.384828567504882812e+01,8.385724425315856934e-01,5.000837445259094238e-01
6.381866931915283203e+00,3.384828567504882812e+01,1.211625099182128906e+00,7.434881925582885742e-01
6.377000808715820312e+00,3.384828567504882812e+01,1.340695858001708984e+00,8.258038759231567383e-01
6.377051353454589844e+00,3.384828567504882812e+01,1.459453701972961426e+00,9.046072959899902344e-01
6.361675739288330078e+00,3.384828567504882812e+01,1.579582333564758301e+00,9.729211926460266113e-01
6.333666324615478516e+00,3.384828567504882812e+01,1.694952964782714844e+00,1.028885483741760254e+00
6.295203685760498047e+00,3.384828567504882812e+01,1.809169173240661621e+00,1.077203154563903809e+00
6.267611503601074219e+00,3.384828567504882812e+01,1.912309765815734863e+00,1.126254439353942871e+00
6.227675914764404297e+00,3.384828567504882812e+01,2.008731603622436523e+00,1.159049272537231445e+00
6.197717189788818359e+00,3.384828567504882812e+01,2.088055849075317383e+00,1.189219236373901367e+00
6.381514549255371094e+00,3.397809600830078125e+01,8.086576461791992188e-01,4.796444475650787354e-01
6.320199966430664062e+00,3.397809600830078125e+01,1.095327019691467285e+00,6.290161013603210449e-01
6.377494335174560547e+00,3.397809600830078125e+01,1.303740143775939941e+00,7.854743599891662598e-01
6.370110034942626953e+00,3.397809600830078125e+01,1.419171452522277832e+00,8.563329577445983887e-01
6.361944198608398438e+00,3.397809600830078125e+01,1.537323236465454102e+00,9.271381497383117676e-01
6.344973564147949219e+00,3.397809600830078125e+01,1.654040217399597168e+00,9.912768602371215820e-01
6.323421478271484375e+00,3.397809600830078125e+01,1.768276810646057129e+00,1.052125334739685059e+00
6.298181056976318359e+00,3.397809600830078125e+01,1.872431635856628418e+00,1.104139089584350586e+00
6.270579338073730469e+00,3.397809600830078125e+01,1.957754135131835938e+00,1.140732765197753906e+00
6.237070560455322266e+00,3.397809600830078125e+01,2.036434173583984375e+00,1.168256044387817383e+00
6.404808044433593750e+00,3.410830688476562500e+01,8.083307743072509766e-01,4.759044051170349121e-01
6.378123760223388672e+00,3.410830688476562500e+01,1.073546767234802246e+00,6.269434690475463867e-01
6.388216972351074219e+00,3.410830688476562500e+01,1.270763397216796875e+00,7.543858885765075684e-01
6.370332717895507812e+00,3.410830688476562500e+01,1.386537432670593262e+00,8.188906908035278320e-01
6.359111309051513672e+00,3.410830688476562500e+01,1.498929262161254883e+00,8.833714723587036133e-01
6.342617034912109375e+00,3.410830688476562500e+01,1.612135648727416992e+00,9.448752403259277344e-01
6.325935840606689453e+00,3.410830688476562500e+01,1.722122788429260254e+00,1.005984663963317871e+00
6.307211399078369141e+00,3.410830688476562500e+01,1.826843261718750000e+00,1.062988162040710449e+00
6.296137809753417969e+00,3.410830688476562500e+01,1.913231372833251953e+00,1.113089203834533691e+00
6.274398326873779297e+00,3.410830688476562500e+01,1.991324067115783691e+00,1.149485349655151367e+00
6.439206123352050781e+00,3.423811340332031250e+01,7.951059341430664062e-01,4.682157933712005615e-01
6.396087646484375000e+00,3.423811340332031250e+01,1.022793769836425781e+00,5.906750559806823730e-01
6.385103225708007812e+00,3.423811340332031250e+01,1.217558026313781738e+00,7.050063610076904297e-01
6.380549907684326172e+00,3.423811340332031250e+01,1.354169845581054688e+00,7.879022955894470215e-01
6.359694480895996094e+00,3.423811340332031250e+01,1.465742945671081543e+00,8.458837866783142090e-01
6.340942382812500000e+00,3.423811340332031250e+01,1.576260924339294434e+00,9.039961099624633789e-01
6.323202133178710938e+00,3.423811340332031250e+01,1.682421445846557617e+00,9.615808725357055664e-01
6.309470653533935547e+00,3.423811340332031250e+01,1.783624410629272461e+00,1.019493222236633301e+00
6.297451496124267578e+00,3.423811340332031250e+01,1.867022752761840820e+00,1.066522598266601562e+00
6.287746906280517578e+00,3.423811340332031250e+01,1.936687827110290527e+00,1.106824159622192383e+00
6.473577499389648438e+00,3.436832809448242188e+01,7.613266110420227051e-01,4.481861293315887451e-01
6.419858932495117188e+00,3.436832809448242188e+01,1.001477360725402832e+00,5.737974643707275391e-01
6.400462150573730469e+00,3.436832809448242188e+01,1.170407295227050781e+00,6.688572764396667480e-01
6.394388198852539062e+00,3.436832809448242188e+01,1.317928433418273926e+00,7.567771077156066895e-01
6.369674205780029297e+00,3.436832809448242188e+01,1.427973866462707520e+00,8.119081854820251465e-01
6.349928379058837891e+00,3.436832809448242188e+01,1.536396145820617676e+00,8.682109713554382324e-01
6.325205326080322266e+00,3.436832809448242188e+01,1.643126130104064941e+00,9.215996861457824707e-01
6.305207729339599609e+00,3.436832809448242188e+01,1.746191024780273438e+00,9.759932160377502441e-01
6.297021389007568359e+00,3.436832809448242188e+01,1.825568079948425293e+00,1.022702097892761230e+00
6.290768146514892578e+00,3.436832809448242188e+01,1.889564990997314453e+00,1.061811208724975586e+00
6.447981357574462891e+00,3.449853515625000000e+01,9.616913795471191406e-01,5.479823350906372070e-01
6.422879219055175781e+00,3.449853515625000000e+01,1.145964026451110840e+00,6.489486694335937500e-01
6.405632972717285156e+00,3.449853515625000000e+01,1.284362435340881348e+00,7.259717583656311035e-01
6.383444309234619141e+00,3.449853515625000000e+01,1.394660830497741699e+00,7.825352549552917480e-01
6.359311580657958984e+00,3.449853515625000000e+01,1.500090122222900391e+00,8.346040844917297363e-01
6.338611602783203125e+00,3.449853515625000000e+01,1.600283622741699219e+00,8.868929147720336914e-01
6.316183090209960938e+00,3.449853515625000000e+01,1.700313568115234375e+00,9.383061528205871582e-01
6.301447391510009766e+00,3.449853515625000000e+01,1.783404469490051270e+00,9.827299714088439941e-01
6.289716720581054688e+00,3.449853515625000000e+01,1.848505377769470215e+00,1.018153309822082520e+00
6.488497734069824219e+00,3.462834548950195312e+01,9.125143289566040039e-01,5.211519598960876465e-01
6.444566726684570312e+00,3.462834548950195312e+01,1.103379249572753906e+00,6.183126568794250488e-01
6.425628185272216797e+00,3.462834548950195312e+01,1.239243149757385254e+00,6.927127838134765625e-01
6.404854297637939453e+00,3.462834548950195312e+01,1.358177781105041504e+00,7.548304200172424316e-01
6.374012947082519531e+00,3.462834548950195312e+01,1.463308572769165039e+00,8.033383488655090332e-01
6.348399162292480469e+00,3.462834548950195312e+01,1.564434528350830078e+00,8.538377881050109863e-01
6.327655792236328125e+00,3.462834548950195312e+01,1.656912088394165039e+00,9.022889733314514160e-01
6.313408851623535156e+00,3.462834548950195312e+01,1.737440943717956543e+00,9.456701278686523438e-01
6.304417610168457031e+00,3.462834548950195312e+01,1.800820589065551758e+00,9.818218350410461426e-01
6.519685745239257812e+00,3.475855255126953125e+01,8.952924013137817383e-01,5.089325904846191406e-01
6.477293491363525391e+00,3.475855255126953125e+01,1.067486643791198730e+00,5.959988236427307129e-01
6.448527336120605469e+00,3.475855255126953125e+01,1.214091300964355469e+00,6.717590689659118652e-01
6.426064968109130859e+00,3.475855255126953125e+01,1.314768552780151367e+00,7.228055596351623535e-01
6.397504806518554688e+00,3.475855255126953125e+01,1.415596008300781250e+00,7.705215215682983398e-01
6.366903305053710938e+00,3.475855255126953125e+01,1.518087387084960938e+00,8.195813894271850586e-01
6.340705394744873047e+00,3.475855255126953125e+01,1.616610169410705566e+00,8.686362504959106445e-01
6.322457790374755859e+00,3.475855255126953125e+01,1.694724678993225098e+00,9.086194038391113281e-01
6.314746856689453125e+00,3.475855255126953125e+01,1.756035447120666504e+00,9.446370601654052734e-01
6.509127140045166016e+00,3.488836669921875000e+01,1.018250823020935059e+00,5.663347840309143066e-01
6.476642131805419922e+00,3.488836669921875000e+01,1.176404953002929688e+00,6.466721296310424805e-01
6.450223445892333984e+00,3.488836669921875000e+01,1.282077074050903320e+00,6.985046267509460449e-01
6.421184062957763672e+00,3.488836669921875000e+01,1.376065254211425781e+00,7.421568632125854492e-01
6.389223098754882812e+00,3.488836669921875000e+01,1.471593618392944336e+00,7.868763208389282227e-01
6.361435413360595703e+00,3.488836669921875000e+01,1.566679596900939941e+00,8.338896632194519043e-01
6.340917587280273438e+00,3.488836669921875000e+01,1.646716475486755371e+00,8.743843436241149902e-01
6.326048374176025391e+00,3.488836669921875000e+01,1.710769772529602051e+00,9.077280163764953613e-01
6.540943145751953125e+00,3.501897048950195312e+01,9.851976633071899414e-01,5.462179183959960938e-01
6.505503177642822266e+00,3.501897048950195312e+01,1.151960372924804688e+00,6.299036741256713867e-01
6.489337444305419922e+00,3.501897048950195312e+01,1.255872964859008789e+00,6.850380301475524902e-01
6.443107604980468750e+00,3.501897048950195312e+01,1.336451172828674316e+00,7.135187983512878418e-01
6.411188602447509766e+00,3.501897048950195312e+01,1.427910566329956055e+00,7.559996843338012695e-01
6.380967617034912109e+00,3.501897048950195312e+01,1.523397326469421387e+00,8.022629618644714355e-01
6.359783649444580078e+00,3.501897048950195312e+01,1.599697828292846680e+00,8.409942984580993652e-01
6.344863891601562500e+00,3.501897048950195312e+01,1.661658525466918945e+00,8.734326362609863281e-01
6.561905860900878906e+00,3.514878082275390625e+01,9.517338275909423828e-01,5.223939418792724609e-01
6.524609088897705078e+00,3.514878082275390625e+01,1.112385511398315430e+00,6.014878153800964355e-01
6.508970737457275391e+00,3.514878082275390625e+01,1.238328814506530762e+00,6.681824326515197754e-01
6.495610237121582031e+00,3.514878082275390625e+01,1.307073950767517090e+00,7.053275704383850098e-01
6.430295944213867188e+00,3.514878082275390625e+01,1.388031840324401855e+00,7.270200848579406738e-01
6.400177955627441406e+00,3.514878082275390625e+01,1.477965235710144043e+00,7.702109813690185547e-01
6.377387046813964844e+00,3.514878082275390625e+01,1.556043744087219238e+00,8.089970350265502930e-01
6.361480712890625000e+00,3.514878082275390625e+01,1.618360877037048340e+00,8.418446779251098633e-01
6.547978878021240234e+00,3.527899169921875000e+01,1.078993558883666992e+00,5.788132548332214355e-01
6.522646427154541016e+00,3.527899169921875000e+01,1.207078456878662109e+00,6.424116492271423340e-01
6.516011238098144531e+00,3.527899169921875000e+01,1.284253478050231934e+00,6.869565248489379883e-01
6.449203968048095703e+00,3.527899169921875000e+01,1.356903910636901855e+00,7.038904428482055664e-01
6.416412353515625000e+00,3.527899169921875000e+01,1.440314888954162598e+00,7.421105504035949707e-01
6.394001960754394531e+00,3.527899169921875000e+01,1.513764262199401855e+00,7.784786820411682129e-01
6.377367019653320312e+00,3.527899169921875000e+01,1.574197530746459961e+00,8.100696206092834473e-01
6.582244396209716797e+00,3.540880203247070312e+01,1.008530020713806152e+00,5.404432415962219238e-01
6.522507667541503906e+00,3.540880203247070312e+01,1.180845975875854492e+00,6.145084500312805176e-01
6.521953582763671875e+00,3.540880203247070312e+01,1.257215738296508789e+00,6.603420376777648926e-01
6.496523857116699219e+00,3.540880203247070312e+01,1.329618811607360840e+00,6.957393884658813477e-01
6.432669162750244141e+00,3.540880203247070312e+01,1.407122731208801270e+00,7.175955772399902344e-01
6.407390117645263672e+00,3.540880203247070312e+01,1.481306433677673340e+00,7.530797123908996582e-01
6.391544342041015625e+00,3.540880203247070312e+01,1.535939097404479980e+00,7.814554572105407715e-01
6.547381401062011719e+00,3.553900909423828125e+01,1.140045642852783203e+00,5.889170765876770020e-01
6.533483505249023438e+00,3.553900909423828125e+01,1.231330513954162598e+00,6.373648643493652344e-01
6.520023345947265625e+00,3.553900909423828125e+01,1.303171634674072266e+00,6.778739094734191895e-01
6.449855804443359375e+00,3.553900909423828125e+01,1.378300309181213379e+00,6.964325308799743652e-01
6.423727989196777344e+00,3.553900909423828125e+01,1.447243213653564453e+00,7.288245558738708496e-01
6.406666755676269531e+00,3.553900909423828125e+01,1.505335688591003418e+00,7.583474516868591309e-01
6.528248786926269531e+00,3.566922378540039062e+01,1.067515015602111816e+00,5.327162146568298340e-01
6.540196418762207031e+00,3.566922378540039062e+01,1.195477724075317383e+00,6.078922748565673828e-01
6.531505584716796875e+00,3.566922378540039062e+01,1.270544409751892090e+00,6.518042683601379395e-01
6.467719078063964844e+00,3.566922378540039062e+01,1.347204685211181641e+00,6.745886206626892090e-01
6.435948848724365234e+00,3.566922378540039062e+01,1.417380213737487793e+00,7.053344249725341797e-01
6.422559738159179688e+00,3.566922378540039062e+01,1.471962094306945801e+00,7.345527410507202148e-01
6.544878959655761719e+00,3.579943084716796875e+01,1.159438967704772949e+00,5.780773758888244629e-01
6.550102233886718750e+00,3.579943084716796875e+01,1.238918900489807129e+00,6.291247010231018066e-01
6.518059730529785156e+00,3.579943084716796875e+01,1.317608594894409180e+00,6.665306091308593750e-01
6.455748081207275391e+00,3.579943084716796875e+01,1.388496279716491699e+00,6.856065392494201660e-01
6.433721542358398438e+00,3.579943084716796875e+01,1.440400481224060059e+00,7.095106840133666992e-01
6.535957336425781250e+00,3.592923736572265625e+01,1.094494223594665527e+00,5.306664705276489258e-01
6.559265136718750000e+00,3.592923736572265625e+01,1.198540568351745605e+00,5.985462069511413574e-01
6.537117004394531250e+00,3.592923736572265625e+01,1.279625058174133301e+00,6.412512660026550293e-01
6.487211227416992188e+00,3.592923736572265625e+01,1.349955677986145020e+00,6.653372645378112793e-01
6.453478813171386719e+00,3.592923736572265625e+01,1.406395435333251953e+00,6.868921518325805664e-01
6.573418617248535156e+00,3.605944442749023438e+01,1.160527229309082031e+00,5.715574622154235840e-01
6.566178321838378906e+00,3.605944442749023438e+01,1.242381930351257324e+00,6.196779012680053711e-01
6.521780490875244141e+00,3.605944442749023438e+01,1.313067913055419922e+00,6.467410922050476074e-01
6.488534927368164062e+00,3.605944442749023438e+01,1.368804097175598145e+00,6.683637499809265137e-01
6.574275970458984375e+00,3.618925857543945312e+01,1.108883857727050781e+00,5.342068672180175781e-01
6.581572532653808594e+00,3.618925857543945312e+01,1.196778655052185059e+00,5.889222025871276855e-01
6.557020187377929688e+00,3.618925857543945312e+01,1.260988116264343262e+00,6.203245520591735840e-01
6.490566730499267578e+00,3.618925857543945312e+01,1.234988093376159668e+00,5.908775925636291504e-01
6.602741241455078125e+00,3.631946563720703125e+01,1.158670663833618164e+00,5.641716122627258301e-01
6.589404582977294922e+00,3.631946563720703125e+01,1.221452116966247559e+00,5.982989072799682617e-01
6.552689552307128906e+00,3.631946563720703125e+01,1.255574464797973633e+00,6.085670590400695801e-01
6.611735343933105469e+00,3.644967269897460938e+01,1.106730222702026367e+00,5.287647843360900879e-01
6.618046760559082031e+00,3.644967269897460938e+01,1.178949117660522461e+00,5.731664896011352539e-01
6.583072662353515625e+00,3.644967269897460938e+01,1.205588221549987793e+00,5.806540250778198242e-01
6.634815216064453125e+00,3.657988739013671875e+01,1.131280183792114258e+00,5.417054891586303711e-01
6.629651069641113281e+00,3.657988739013671875e+01,1.177443742752075195e+00,5.683407187461853027e-01
6.653820991516113281e+00,3.670969772338867188e+01,1.082112073898315430e+00,5.100839138031005859e-01
6.668566226959228516e+00,3.670969772338867188e+01,1.005884051322937012e+00,4.841764569282531738e-01
6.683685302734375000e+00,3.683951187133789062e+01,1.093874573707580566e+00,5.172553062438964844e-01
